100 0.2 0.4 0.05
0 0 1 2 4 5 6 7 8 9 10 11 12 13 14 15 16 17 18 19 46 76
0 1 0 2 3 4 5 6 7 8 9 11 12 13 14 15 16 18 19 84 67 83 58
0 2 0 1 3 4 7 8 9 10 11 12 14 15 16 17 18 19 78 26 94 96
0 3 1 2 4 5 6 8 9 10 11 12 13 14 15 16 17 18 19 45 91
0 4 0 1 2 3 5 6 71 8 10 11 12 14 15 16 17 18 88 92 57 59
0 5 0 1 3 4 6 7 8 9 10 11 14 15 17 18 19 21 23
0 6 0 1 3 4 5 65 8 12 13 14 15 17 19 95 7 44 72 56
0 7 0 1 2 5 6 8 9 10 12 13 14 15 16 17 18 19 84 86 26 56
0 8 0 1 2 3 4 5 6 7 10 11 12 13 14 16 17 18 19
0 9 0 1 2 3 5 7 10 11 13 14 15 16 17 18 19 89 69 99 47 55 95
0 10 0 48 2 3 4 5 7 8 9 11 12 98 14 16 18 19 83
0 11 0 1 2 3 4 5 65 8 9 10 12 13 15 17 18 19 39 43 54 73
0 12 0 1 2 3 4 6 7 8 10 11 13 15 16 17 18 68 95 64 44 49
0 13 0 1 3 6 7 8 9 11 12 77 15 16 17 18 19 71
0 14 0 1 2 3 4 5 6 7 8 9 10 15 16 17 18 19 28 70 49 52 60 63
0 15 0 1 2 3 4 5 6 7 9 11 12 13 14 77 17 18 19 24 25 48 50 53 61 63
0 16 0 1 2 3 4 81 7 8 9 10 83 12 13 14 17 18 19 52 92
0 17 0 65 2 3 4 5 6 7 8 9 11 12 13 14 15 16 18 19 85 89 91
0 18 0 1 2 3 4 5 7 8 9 10 11 12 13 14 15 16 17 75 19 78 49
0 19 0 1 2 3 5 6 7 8 9 10 11 13 14 15 16 17 18 78 95
1 20 79 99 22 23 25 26 27 28 30 32 33 34 35 36 37 38 39 49 51
1 21 5 80 22 24 25 26 27 28 29 30 31 32 33 35 38 39 40 63
1 22 32 33 34 35 37 38 39 79 49 20 21 24 52 26 63 28 29 30 31
1 23 5 88 82 20 24 26 27 28 29 30 31 32 33 34 35 36 37 38 39 40 45 90 95
1 24 96 78 15 21 22 23 25 26 28 29 30 31 32 36 38 50
1 25 72 15 20 21 24 26 27 28 30 31 32 33 36 37 38 39 42
1 26 96 2 7 77 20 21 22 23 24 25 27 29 31 32 33 34 36 37 38 39 40
1 27 70 20 21 23 25 26 91 28 29 30 31 32 33 34 35 36 37 38 39 45 49
1 28 70 14 20 21 22 23 24 25 27 29 30 31 32 33 34 35 37 38 39 44 51 61
1 29 32 33 34 35 36 38 39 82 21 22 23 24 26 27 28 30 31
1 30 74 79 83 20 21 22 23 24 25 27 28 29 31 32 35 36 38 39 59 62
1 31 32 33 91 36 37 39 74 50 21 22 23 24 25 26 27 28 29 30
1 32 33 34 35 36 37 38 39 82 20 21 22 23 24 25 26 27 28 29 30 31
1 33 32 34 35 36 37 38 39 20 21 22 23 25 26 27 28 29 31
1 34 32 33 36 38 39 77 20 22 23 52 26 27 28 29 63
1 35 32 33 36 37 38 39 74 81 20 21 22 23 84 27 28 29 30
1 36 74 99 20 23 24 25 26 27 29 30 31 32 33 34 35 37 38 39 45 93
1 37 32 33 35 36 70 38 39 75 20 22 23 25 26 27 28 90 31
1 38 20 21 22 23 24 25 26 27 28 29 30 32 33 34 35 36 37 39 47 89 58
1 39 67 11 20 21 22 23 88 25 26 27 28 29 30 31 32 33 34 35 36 37 38 49
2 40 64 69 21 86 23 26 41 42 43 44 45 46 47 48 50 51 53 54 56 57 58 59
2 41 71 72 86 89 95 40 42 43 44 45 46 47 49 50 51 52 53 54 55 56 57 58 59
2 42 85 25 40 41 44 46 47 49 52 53 54 55 57 58 59 60
2 43 96 40 41 11 44 45 48 49 50 51 52 53 54 56 58 59
2 44 65 67 6 74 12 28 93 95 40 41 42 43 45 46 47 48 49 50 51 52 53 54 55 56 57 58
2 45 3 23 27 36 40 41 43 44 46 47 48 49 52 53 54 55 56 57 58 59
2 46 0 97 40 41 42 44 45 48 49 50 51 52 53 54 87 56 57 58
2 47 72 9 38 40 41 42 44 45 48 49 50 51 52 54 55 56 57 58 60
2 48 71 10 15 40 43 44 45 46 47 51 52 54 55 57 58 59
2 49 12 14 80 18 20 22 89 27 84 39 41 42 43 44 45 46 47 50 51 52 53 54 55 56 57 58 59
2 50 71 15 83 85 86 24 31 40 41 43 44 46 47 49 51 52 53 54 56 57 58 59 61
2 51 40 41 43 44 46 47 48 49 50 52 53 54 56 57 59 28 20
2 52 86 14 16 22 89 94 34 41 42 43 44 45 46 47 48 49 50 51 54 55 56 57 59
2 53 64 15 93 40 41 42 43 44 45 46 49 50 51 54 55 56 57 59
2 54 11 40 41 42 43 44 45 46 47 48 49 50 51 52 53 56 58 59
2 55 91 41 42 44 45 47 48 49 82 52 53 9 56 57 58 59
2 56 65 6 7 40 41 43 44 45 46 47 49 50 51 52 53 54 55 57 58 59
2 57 4 40 41 42 44 45 46 47 48 49 50 51 52 53 55 56 58 59 62
2 58 1 86 97 98 38 40 41 42 43 44 45 46 47 48 49 50 54 55 56 57 59
2 59 4 74 30 40 41 42 43 45 48 49 50 51 52 53 54 55 56 57 58
3 60 64 65 66 67 68 69 70 71 72 73 75 76 77 78 79 14 42 47 63
3 61 65 68 69 70 71 72 73 76 15 28 50 62 63
3 62 64 65 66 68 69 70 71 72 73 74 76 77 79 57 61 30 63
3 63 65 66 67 68 70 71 73 74 75 76 78 79 14 22 89 15 34 60 61 62 21
3 64 65 66 67 69 70 71 72 73 74 75 76 78 79 91 40 12 53 60 62
3 65 64 66 67 68 70 71 72 73 74 75 76 77 78 79 11 17 84 92 6 44 56 60 61 62 63
3 66 64 65 67 69 70 73 74 76 77 78 79 60 62 63
3 67 64 65 66 68 69 70 72 73 74 75 76 78 1 39 44 60 63
3 68 96 65 67 12 69 70 72 74 75 76 77 78 79 81 60 61 62 63
3 69 64 66 67 68 70 72 9 74 75 76 77 79 99 40 60 61 62
3 70 64 65 66 67 68 69 71 72 73 77 78 79 14 89 27 28 37 60 61 62 63
3 71 64 65 70 72 73 74 76 78 84 4 90 41 61 48 50 60 13 62 63
3 72 64 65 67 68 69 70 71 73 74 75 76 77 78 79 80 25 6 41 47 60 61 62
3 73 64 65 66 67 70 71 72 74 75 76 77 78 79 11 60 61 62 63
3 74 64 65 66 67 68 69 71 72 73 75 76 78 79 30 31 35 36 44 59 62 63
3 75 64 65 67 68 69 72 73 74 77 78 79 18 37 60 63
3 76 64 65 66 67 68 69 71 72 73 74 77 79 92 0 60 61 62 63
3 77 65 66 68 69 70 72 73 75 76 13 78 79 26 15 34 99 60 62
3 78 64 65 66 67 68 70 71 72 73 74 75 77 18 19 24 2 60 63
3 79 64 65 66 68 69 70 72 73 74 75 76 77 20 22 30 60 62 63
4 80 72 81 82 83 84 21 87 88 89 90 91 92 93 94 95 98 99 49 85
4 81 68 16 35 84 85 86 87 88 89 90 92 93 94 96 97 98 99 80 83
4 82 32 80 86 23 88 89 90 91 92 29 94 97 98 99 93 55
4 83 1 10 80 81 84 85 86 87 88 89 90 91 93 94 95 97 98 99 16 50 30
4 84 1 7 80 81 83 85 86 87 88 89 90 91 93 94 95 96 97 98 99 35 71 49 65
4 85 80 17 83 84 86 87 88 90 91 92 93 95 96 98 99 81 42 50
4 86 7 81 82 83 84 85 87 88 89 90 93 95 96 97 98 99 40 41 50 52 58
4 87 96 98 46 80 81 83 84 85 86 88 91 92 93 95
4 88 4 87 80 81 82 83 84 85 86 23 89 92 93 94 95 96 97 98 99 39
4 89 70 9 80 17 82 83 84 86 88 90 91 92 93 94 95 96 97 98 99 38 81 41 49 52 63
4 90 71 80 81 82 83 84 85 86 23 89 91 92 93 94 95 96 97 98 99 37
4 91 64 3 80 17 82 83 84 85 87 89 90 27 92 93 95 96 97 98 99 55 31
4 92 65 4 76 16 81 82 85 87 88 89 90 91 93 94 95 96 97 98 99 80
4 93 80 81 82 83 84 85 86 87 88 89 90 91 92 94 96 98 99 36 44 53
4 94 97 99 52 2 80 81 82 83 84 88 89 90 92 93 95
4 95 6 9 23 12 80 83 84 85 86 87 88 89 90 91 92 94 96 97 98 99 41 44 19
4 96 2 68 26 81 84 85 86 87 24 89 90 91 92 93 95 98 99 43 88
4 97 58 98 99 46 81 82 83 84 86 88 89 90 91 92 94 95
4 98 96 97 99 58 10 80 81 82 83 84 85 86 87 88 89 90 91 92 93 95
4 99 69 9 77 80 81 82 83 20 85 86 88 89 90 91 92 93 94 95 96 97 98 36 84