# First Line : n p q epsilon
# Following Lines : groundTruthClusterID vertexID listOfNeighbours
100 0.2 0.4 0.05
0 0 1 2 67 4 5 6 7 8 9 10 11 12 13 14 15 17 18 45 46 76 60
0 1 0 3 6 8 41 11 12 13 14 15 16 17 18 19 27
0 2 0 3 5 6 8 9 10 11 12 13 14 15 16 17 18 19 78 87 24 26 91
0 3 1 2 4 5 6 7 72 9 10 11 12 13 14 16 17 18 78 86 23 33 42 51
0 4 0 64 3 5 6 7 8 9 10 11 12 13 14 16 17 18 19 26 62
0 5 0 2 3 4 6 7 8 9 10 11 12 14 15 16 17 18 19 54 56 74
0 6 0 1 2 3 4 5 7 8 9 10 11 12 50 14 15 16 18 19 66 27
0 7 0 3 4 5 6 8 9 10 11 13 15 17 18 35 73
0 8 0 1 2 4 5 6 7 10 11 12 13 14 15 16 17 18 19 24 79 28 30 41 60
0 9 0 2 3 4 5 6 7 10 11 13 14 15 16 17 18 19 99
0 10 0 65 2 3 4 5 6 7 8 9 12 13 15 16 17 18 19 87 24 68 61
0 11 0 1 2 3 4 5 6 7 8 9 12 13 14 15 16 17 18 19 60 81
0 12 0 1 2 3 4 5 6 8 10 11 13 15 16 17 19 88 90 28 41
0 13 0 1 2 3 4 7 8 9 10 11 12 14 15 16 17 19 68
0 14 0 1 2 3 4 5 6 32 8 9 11 13 16 17 18 20 56
0 15 0 1 2 5 6 7 8 9 10 11 12 13 16 17 19 26 27 34 44
0 16 1 2 3 4 5 6 8 9 10 11 12 13 14 15 17 18 67 79 94 74 62
0 17 0 1 2 3 4 5 7 8 9 10 11 12 13 14 15 16 81
0 18 0 1 2 3 4 5 6 7 8 9 10 11 14 16 83 86 32 98 55 59 62
0 19 1 2 99 4 5 6 8 9 10 11 12 13 15
1 20 86 14 88 83 21 22 23 24 25 26 27 28 29 30 31 32 34 35 36 37 38 39 53 55
1 21 33 35 36 38 75 45 20 22 23 24 25 27 28 29 31
1 22 32 33 34 37 38 46 49 20 21 24 89 26 27 28 29 30 31
1 23 32 33 34 35 36 37 82 3 20 21 24 26 27 29 31
1 24 2 8 10 20 21 22 23 25 26 27 30 32 33 34 35 37 38 39
1 25 32 33 35 36 38 39 41 20 21 24 26 27 28 30 31
1 26 68 65 2 4 86 79 78 15 20 22 23 24 25 27 29 30 31 32 34 35 37 38
1 27 1 6 71 15 20 21 22 23 24 25 26 28 29 30 32 33 35 38 41
1 28 67 8 12 78 20 21 22 89 88 25 27 29 31 32 33 35 36 38 39 50 53 57
1 29 32 33 34 35 36 37 38 71 96 51 20 21 22 23 26 27 28 31
1 30 32 33 34 35 36 37 38 39 8 20 53 22 24 25 26 27 92 69 31
1 31 32 33 34 37 38 39 79 20 21 22 23 25 26 28 29 30 69
1 32 33 34 35 36 37 39 14 18 20 22 23 24 25 26 27 28 29 30 31
1 33 32 35 37 38 39 91 3 21 22 23 24 25 27 28 29 30 31
1 34 32 35 36 37 38 46 15 20 78 22 23 24 89 26 29 30 31
1 35 7 99 20 21 23 24 25 26 27 28 29 30 32 33 34 91 37 38 39 41
1 36 32 34 38 39 75 20 21 23 25 28 29 30
1 37 32 33 34 35 39 73 75 20 22 23 24 26 29 30 31
1 38 33 34 35 36 39 98 20 21 22 24 25 26 27 28 29 30 31
1 39 71 78 20 87 24 25 28 30 31 32 33 98 35 36 37 38 42 49 63
2 40 64 71 77 41 42 43 45 46 47 49 50 51 52 53 55 56 58 59
2 41 1 71 8 12 88 25 27 35 40 42 43 44 45 46 48 50 52 54 55 56 57 58
2 42 3 39 40 41 71 44 45 77 47 48 50 51 52 54 57 58 59
2 43 40 41 73 82 46 47 48 49 50 51 52 53 54 55 57
2 44 64 68 15 98 99 41 42 45 46 48 49 50 51 52 53 54 56 58 59 62
2 45 0 40 41 42 44 46 47 48 49 50 51 52 53 54 55 57 58 21
2 46 0 67 22 34 40 41 43 44 45 48 49 50 51 52 53 54 55 56 57 58
2 47 86 40 42 43 45 49 51 52 53 54 55 56 58 59 62
2 48 41 42 43 44 45 46 79 49 50 51 52 54 55 56 58
2 49 22 39 40 76 43 44 45 46 47 48 50 52 53 54 56 57 58 59
2 50 6 28 96 40 41 42 43 44 45 46 48 49 51 52 53 54 55 56 57 58 59
2 51 3 73 67 29 40 42 43 44 45 46 47 48 50 52 53 56 57 59
2 52 91 68 40 41 42 43 44 45 46 47 48 49 50 51 53 54 55 56 57 58 59
2 53 20 85 89 28 30 40 43 44 45 46 47 49 50 51 52 94 54 56 57 58
2 54 68 5 85 92 41 42 43 44 45 46 47 48 49 50 52 53 55 56 58 59
2 55 71 18 20 86 82 40 41 43 45 46 47 48 50 52 54 56 57 59
2 56 5 75 14 85 40 41 44 46 47 48 49 50 51 52 53 54 55 57 58 59
2 57 97 41 42 43 45 46 49 50 51 52 53 55 56 28
2 58 97 40 41 42 44 45 46 47 48 49 50 52 53 54 56 59
2 59 79 81 18 92 40 42 44 47 49 50 51 52 54 55 56 58
3 60 64 65 67 68 69 70 71 72 73 75 76 79 11 84 0 98 8 62 63
3 61 64 65 66 67 68 69 71 72 74 75 76 77 78 79 10 62 63
3 62 64 65 66 67 68 70 71 72 73 74 75 76 77 78 79 16 18 4 95 44 47 60 61
3 63 65 66 67 68 69 70 72 74 75 76 77 78 39 60 61
3 64 65 66 67 71 72 73 74 75 76 77 78 79 86 4 92 40 44 60 61 62
3 65 64 66 68 69 70 71 72 73 74 75 76 77 79 82 85 26 61 60 10 62 63
3 66 64 65 67 69 70 71 72 73 74 75 76 77 78 79 6 61 62 63
3 67 64 66 68 69 70 71 72 73 76 77 78 79 16 28 0 46 51 60 61 62 63
3 68 65 67 69 71 73 74 77 78 79 26 44 61 13 52 54 60 10 62 63
3 69 65 66 67 68 70 71 72 73 74 75 76 77 78 79 83 30 31 60 61 63
3 70 65 66 67 69 71 72 73 74 75 77 78 79 60 62 63
3 71 64 65 66 67 68 69 70 72 74 75 77 78 27 29 39 40 41 42 55 60 61 62
3 72 64 65 66 67 69 70 71 73 74 75 76 77 79 3 91 60 61 62 63
3 73 64 65 66 67 68 69 70 72 74 75 76 77 79 43 89 98 37 7 51 60 62
3 74 64 65 66 68 69 70 71 72 73 76 77 78 79 16 5 80 61 62 63
3 75 64 65 66 69 70 71 72 73 76 77 78 79 21 92 95 36 37 56 60 61 62 63
3 76 64 65 66 67 69 0 72 73 74 75 77 78 79 86 49 60 61 62 63
3 77 64 65 66 67 68 69 70 71 72 73 74 75 76 78 79 95 40 42 61 62 63
3 78 64 66 67 68 69 70 71 74 75 76 77 79 3 26 28 34 39 2 61 62 63
3 79 64 65 66 67 68 69 70 72 73 74 75 76 77 78 16 26 31 48 8 59 60 61 62
4 80 96 97 99 74 82 83 84 85 86 88 89 92 93 94 95
4 81 11 17 82 83 84 85 86 89 91 92 93 94 95 96 98 99 59
4 82 65 87 80 81 83 84 86 23 88 89 92 93 94 95 96 97 98 99 43 55
4 83 69 80 81 18 20 85 86 87 88 89 90 91 92 93 94 95 96 97 98 99 82 84
4 84 96 97 98 99 60 80 81 82 83 86 87 88 90 91 92 95
4 85 65 80 81 83 86 87 88 89 90 91 92 95 98 99 53 54 56
4 86 64 3 26 76 80 81 18 83 84 85 87 88 90 92 95 96 97 98 99 82 47 55 20
4 87 2 10 82 83 84 85 86 88 89 91 92 93 94 97 98 99 39
4 88 12 80 82 83 20 85 86 87 89 90 91 94 95 96 97 98 28 41 84
4 89 73 34 80 81 82 83 85 22 87 88 90 91 28 93 94 95 97 98 99 53
4 90 98 99 12 83 84 85 86 88 89 91 93 94 95
4 91 2 33 72 81 83 84 85 87 88 89 90 92 93 94 95 96 97 98 99 35 52
4 92 64 75 80 81 82 83 84 85 86 87 91 93 30 95 96 97 98 94 54 59
4 93 98 99 80 81 82 83 87 89 90 91 92 94
4 94 96 97 98 16 53 80 81 82 83 87 88 89 90 91 92 93 95
4 95 75 77 80 81 82 83 84 85 86 88 89 90 91 92 94 96 97 99 62
4 96 97 98 99 50 29 80 81 82 83 84 86 88 91 92 94 95
4 97 96 58 99 57 80 82 83 84 86 87 88 89 91 92 94 95
4 98 73 81 18 83 84 85 86 87 88 89 90 91 92 93 94 96 99 38 39 44 82 60
4 99 9 80 81 82 19 84 85 86 87 89 90 91 93 95 96 97 98 35 44 83