# First Line : n p epsilon
# Following Lines : leaderOrNot groundTruthClusterID vertexID listOfNeighbours
100 0.2 0.0
1 0 0 1 2 3 4 5 6 7 8 9 10 11 12 13 14 15 16 17 18 19
0 0 1 0 64 83 3 6 8 76 11 12 13 14 15 16 17 18 19 85 87 27 35 36 37 41 44 48 51 54 58
0 0 2 0 65 3 5 6 8 9 10 11 12 13 14 15 16 17 18 19 78 87 24 26 91 90 96 33 67 99 36 37 82 72 83 55 74
0 0 3 0 1 2 4 5 6 7 72 9 10 11 12 13 14 16 17 18 83 84 78 86 23 24 89 96 33 99 38 42 45 51 52 58 74 62
0 0 4 0 64 3 5 6 7 8 9 10 11 12 13 14 16 17 18 19 78 26 29 94 67 39 48 53 57 61 62
0 0 5 0 65 2 3 4 6 7 8 9 10 11 12 14 15 16 17 18 19 75 30 95 70 81 41 42 45 54 56 74
0 0 6 0 1 2 3 4 5 7 8 9 10 11 12 66 14 15 16 18 19 86 24 27 98 35 42 72 50 51 54 61
0 0 7 0 3 4 5 6 71 8 9 10 11 13 77 15 17 18 84 87 24 75 28 29 30 32 97 35 38 42 49 53 73 56 88 59
0 0 8 0 1 2 4 5 6 7 73 10 11 12 13 14 15 16 17 18 19 66 24 79 28 30 96 91 41 42 71 99 50 51 53 54 55 56 74
0 0 9 0 96 2 3 4 5 6 7 10 11 76 13 14 15 16 17 18 19 98 79 92 32 33 34 99 70 45 47 50 58
0 0 10 0 65 2 3 4 5 6 7 8 9 12 13 15 16 17 18 19 87 24 25 91 29 68 39 95 71 49 54 59 61 63
0 0 11 0 1 2 3 4 5 6 7 8 9 12 13 14 15 16 17 18 19 86 29 33 36 81 71 44 45 49 73 58
0 0 12 0 1 2 3 4 5 6 97 8 10 11 13 15 16 17 19 86 88 90 28 69 31 32 33 70 41 50 83 54 55 57 74
0 0 13 0 1 2 3 4 69 7 8 9 10 11 12 14 15 16 17 19 86 89 88 68 71 29 32 99 43 50 74 63
0 0 14 0 1 2 3 4 5 6 8 9 11 13 79 16 17 18 21 23 29 32 97 99 49 52 56 57
0 0 15 0 1 2 5 6 7 8 9 10 11 12 13 16 17 19 88 89 26 27 30 95 34 39 43 44 49 50 83 56 57
0 0 16 0 1 2 3 4 5 6 8 9 10 11 12 13 14 15 17 18 67 74 79 94 33 70 42 44 82 47 76 83 52 61 62
0 0 17 0 1 2 3 4 5 7 8 9 10 11 12 13 14 15 16 81 22 27 30 33 39 47 48 50 53 55 74
0 0 18 0 1 2 3 4 5 6 7 8 9 10 11 14 79 16 83 86 91 32 98 35 36 45 99 54 55 56 59 62
0 0 19 0 1 2 4 5 6 8 9 10 11 12 13 64 15 86 69 99 41 53 61
1 1 20 32 33 34 35 36 37 38 39 21 22 23 24 25 26 27 28 29 30 31
0 1 21 69 70 75 14 79 20 22 23 24 25 90 27 28 29 94 31 33 35 36 38 45 48 91 61
0 1 22 75 78 17 82 20 21 24 89 26 27 28 29 30 31 32 33 34 37 38 46 49 57 63
0 1 23 3 71 74 76 14 81 82 67 20 21 86 24 89 26 27 29 31 32 33 34 35 36 37 45 93 83 53 59
0 1 24 2 3 6 7 8 10 98 81 20 21 22 23 25 26 27 90 30 32 33 34 35 37 38 39 43 44 50 94
0 1 25 64 10 94 20 21 86 24 26 27 28 30 31 32 33 35 36 38 39 41 53
0 1 26 68 65 2 4 86 70 72 73 79 78 15 83 20 22 23 24 25 90 27 29 30 31 32 97 34 35 37 38 99 50 52 95
0 1 27 1 6 71 75 78 15 17 20 21 22 23 24 25 26 28 29 30 32 33 35 38 81 41 42 88 89 57 62
0 1 28 65 67 7 8 96 12 78 82 20 21 22 89 88 25 27 29 31 32 33 35 36 38 39 49 50 53 57
0 1 29 96 4 86 7 72 10 11 13 14 82 20 21 22 23 26 27 28 31 32 33 34 35 36 37 38 71 47 91 51
0 1 30 96 5 7 8 15 17 82 83 20 22 24 25 26 27 92 69 31 32 33 34 35 36 37 38 39 44 46 51 53 62 63
0 1 31 67 69 12 79 82 20 21 22 23 25 26 28 29 30 32 33 34 37 38 39 42 49 50 52 89 56 59
0 1 32 64 70 7 9 75 12 13 14 18 83 20 22 23 24 25 26 27 28 29 30 31 33 34 35 36 37 39 42 45 93 48 49 54 61 63
0 1 33 2 3 9 11 12 78 16 17 82 67 20 21 22 23 24 25 90 27 28 29 30 31 32 35 37 38 39 91 54 73 56 62
0 1 34 96 86 71 9 94 78 15 88 20 85 22 23 24 89 26 91 29 30 31 32 35 36 37 38 46 47 52 53 55
0 1 35 1 6 7 96 98 81 18 99 20 21 23 24 25 26 27 28 29 30 32 33 34 91 37 38 39 41 42 45 53 54
0 1 36 1 2 75 72 11 66 18 20 21 23 25 28 29 30 32 34 99 38 39 92 44 47 63
0 1 37 1 2 69 73 74 75 83 20 22 23 24 26 29 30 31 32 33 34 35 90 39 45 51 52 95 61
0 1 38 3 7 72 98 78 71 81 99 20 21 22 87 24 25 26 27 28 29 30 31 33 34 35 36 39 43 46 51 54 95
0 1 39 65 66 4 71 10 78 15 17 83 20 86 87 24 25 28 30 31 32 33 98 35 36 37 38 81 42 49 52 89 56 95 62 63
1 2 40 41 42 43 44 45 46 47 48 49 50 51 52 53 54 55 56 57 58 59
0 2 41 64 1 5 71 8 73 12 19 88 25 90 27 69 35 40 42 43 44 45 46 48 72 50 52 54 55 56 57 58 61
0 2 42 3 5 6 7 8 75 77 16 85 87 88 27 31 32 35 39 40 41 71 44 45 47 48 50 51 52 54 57 58 59 62
0 2 43 68 69 70 73 76 13 77 15 82 24 93 94 38 40 41 46 47 48 49 50 51 52 53 54 55 57
0 2 44 64 1 68 70 65 11 77 15 16 82 86 87 24 30 98 99 36 40 41 42 45 46 48 49 50 51 52 53 54 56 58 59 62 63
0 2 45 3 5 9 11 76 18 21 23 88 32 35 37 40 41 42 44 46 47 48 49 50 51 52 53 54 55 57 58
0 2 46 65 67 70 71 73 85 22 30 95 97 34 38 40 41 43 44 45 48 49 50 51 52 53 54 55 56 57 58 63
0 2 47 69 9 74 16 17 82 86 89 29 95 34 99 36 81 40 42 43 45 49 51 52 53 54 55 56 58 59 62
0 2 48 64 1 4 71 75 79 17 83 21 90 95 32 40 41 42 43 44 45 46 49 50 51 52 54 55 56 58 62 85
0 2 49 96 68 69 7 72 10 11 76 14 15 22 88 28 31 32 97 99 39 40 95 43 44 45 46 47 48 50 52 53 54 56 57 58 59 74
0 2 50 6 8 9 12 13 15 17 83 84 85 24 26 28 31 96 40 41 42 43 44 45 46 48 49 51 52 53 54 55 56 57 58 59 76
0 2 51 1 3 6 8 73 75 94 67 29 30 37 38 40 42 43 44 45 46 47 48 50 52 53 56 57 59 62
0 2 52 3 68 72 14 16 85 87 88 26 91 31 34 37 39 40 41 42 43 44 45 46 47 48 49 50 51 53 54 55 56 57 58 59
0 2 53 64 65 4 68 7 8 87 89 17 82 19 85 23 25 71 28 30 96 34 35 40 43 44 45 46 47 49 50 51 52 94 54 56 57 58 62
0 2 54 1 67 68 5 6 97 8 76 10 12 77 18 83 85 92 94 32 33 98 35 82 70 38 40 41 42 43 44 45 46 47 48 49 50 52 53 55 56 58 59
0 2 55 64 2 68 71 8 73 12 98 17 18 86 89 34 82 40 41 43 45 46 47 48 50 52 54 56 57 59
0 2 56 5 7 8 73 75 14 15 81 18 85 92 31 33 39 40 41 44 46 47 48 49 50 51 52 53 54 55 57 58 59
0 2 57 67 4 69 79 12 14 15 82 22 27 28 97 40 41 42 43 45 46 49 50 51 52 53 55 56 63
0 2 58 1 3 70 9 11 67 84 90 95 97 99 40 41 42 44 45 46 47 48 49 50 52 53 54 56 59 63
0 2 59 70 7 10 79 81 18 83 23 92 31 96 40 42 44 47 49 50 51 52 54 55 56 58 74 63
1 3 60 64 65 66 67 68 69 70 71 72 73 74 75 76 77 78 79 61 62 63
0 3 61 64 65 66 67 68 69 71 72 74 75 76 77 78 79 16 82 19 21 4 37 32 6 41 60 10 62 63
0 3 62 64 65 66 67 68 70 71 72 73 74 75 76 77 78 79 16 81 18 3 97 4 27 30 95 33 39 42 44 47 48 51 53 83 60 61
0 3 63 65 66 67 68 69 70 72 74 75 76 77 78 82 22 87 92 30 32 97 36 39 44 46 61 13 57 58 59 60 10
0 3 64 65 66 67 71 72 73 74 75 76 77 78 79 19 84 86 25 88 4 92 94 32 1 41 44 48 83 53 55 87 60 61 62
0 3 65 64 66 68 69 70 71 72 73 74 75 76 77 79 82 85 89 26 28 5 98 99 39 44 46 10 53 2 95 60 61 62 63
0 3 66 64 65 67 69 70 71 72 73 74 75 76 77 78 79 85 91 92 93 36 6 39 8 60 61 62 63
0 3 67 64 66 68 69 70 71 72 73 76 77 78 79 16 84 23 88 4 91 28 94 31 33 46 89 51 54 2 57 58 60 61 62 63
0 3 68 65 67 69 71 73 74 77 78 79 85 86 87 26 96 99 43 44 61 49 13 52 53 54 55 60 10 62 63
0 3 69 65 66 67 68 70 71 72 73 74 75 76 77 78 79 82 19 21 89 47 30 31 37 41 43 12 61 49 83 57 60 13 63
0 3 70 65 66 67 69 71 72 73 74 75 77 78 79 16 88 21 46 26 5 32 99 43 44 12 54 9 58 59 60 62 63
0 3 71 64 65 66 67 68 69 70 7 72 74 75 77 78 11 81 84 23 88 27 29 97 34 91 38 39 41 42 46 48 8 10 53 55 13 60 61 62
0 3 72 64 65 66 67 69 70 71 73 74 75 76 77 79 3 90 26 91 29 98 36 6 38 41 49 52 2 60 61 62 63
0 3 73 64 65 66 67 68 69 70 72 74 75 76 77 79 11 43 89 26 95 33 98 37 41 7 46 8 51 55 56 60 62
0 3 74 64 65 66 68 69 70 71 72 73 76 77 78 79 16 17 3 23 88 89 91 81 93 5 98 37 49 12 47 8 13 2 59 60 61 62 63
0 3 75 64 65 66 69 70 71 72 73 76 77 78 79 21 22 87 27 92 5 32 91 36 37 42 7 48 51 56 95 60 61 62 63
0 3 76 64 65 66 67 69 72 73 74 75 77 78 79 16 85 86 23 1 43 45 49 50 54 9 60 61 62 63
0 3 77 64 65 66 67 68 69 70 71 72 73 74 75 76 78 79 43 90 91 94 95 96 42 7 44 54 60 61 62 63
0 3 78 64 66 67 68 69 70 71 74 75 76 77 79 3 22 89 4 26 27 28 93 33 34 38 39 83 2 60 61 62 63
0 3 79 64 65 66 67 68 69 70 72 73 74 75 76 77 78 16 18 14 87 26 31 21 48 8 9 57 59 60 61 62
1 4 80 96 97 98 99 81 82 83 84 85 86 87 88 89 90 91 92 93 94 95
0 4 81 5 71 47 74 11 80 17 82 83 84 85 86 89 91 92 93 94 95 96 98 99 38 35 39 24 27 56 23 59 62
0 4 82 65 2 22 33 47 23 63 16 81 83 84 86 87 88 89 92 93 94 95 96 97 98 99 80 28 43 44 29 69 30 54 55 57 31 61 53
0 4 83 64 1 2 3 69 32 26 23 12 78 15 80 81 82 84 85 86 87 88 89 90 91 92 93 94 95 96 97 98 99 37 16 39 18 48 50 30 54 59 62
0 4 84 64 3 7 80 81 82 83 86 87 88 90 91 92 95 96 97 98 99 67 71 50 58
0 4 85 1 66 68 65 76 34 80 81 83 86 87 88 89 90 91 92 95 98 99 42 46 48 50 52 53 54 56
0 4 86 64 3 68 6 26 47 11 12 13 80 81 82 83 84 85 34 87 88 90 92 95 96 97 98 99 39 44 18 29 76 19 25 55 23
0 4 87 64 1 2 68 7 10 75 79 80 82 83 84 85 86 88 89 91 92 93 94 97 98 99 38 39 42 44 52 53 63
0 4 88 64 34 70 7 74 12 13 15 80 82 83 84 85 86 87 89 90 91 94 95 96 97 98 28 42 67 45 71 27 49 52 41
0 4 89 65 3 22 47 74 23 13 78 15 80 81 82 83 85 87 88 90 91 93 94 95 97 98 99 39 28 67 73 34 27 69 53 55 31
0 4 90 2 33 72 12 77 80 83 84 85 86 88 89 26 91 93 94 95 98 99 37 41 24 48 58 21
0 4 91 2 67 66 33 8 10 75 34 77 80 81 83 84 85 87 88 89 90 92 93 94 95 96 97 98 99 35 71 18 29 72 52 74 21
0 4 92 64 66 9 75 80 81 82 83 84 85 86 87 91 93 30 95 96 97 98 36 94 54 56 59 63
0 4 93 32 66 74 87 78 80 81 82 83 23 89 90 91 92 94 98 99 43
0 4 94 64 67 4 34 77 16 81 82 83 87 88 89 90 91 92 93 95 96 97 98 80 43 24 51 25 53 54 21
0 4 95 65 5 26 73 10 75 77 15 80 81 82 83 84 85 86 88 89 90 91 92 94 96 97 99 37 38 39 46 47 48 49 58 62
0 4 96 2 3 68 8 9 34 77 80 81 82 83 84 86 88 91 92 94 95 97 98 99 35 28 29 49 50 30 59 53
0 4 97 7 26 12 14 80 82 83 84 86 87 88 89 91 92 94 95 96 99 71 46 49 54 57 58 62 63
0 4 98 65 6 72 9 74 80 81 82 83 84 85 86 87 88 89 90 91 92 93 94 96 99 38 35 39 73 44 18 24 54 55
0 4 99 65 2 3 68 70 8 9 13 14 80 81 82 83 84 85 86 87 89 90 91 93 95 96 97 98 35 36 38 26 44 18 47 49 19 58