# Note:  GroundTruthClusterID ObtainedClusterIDs dont correspond, they just denote grouping of nodes.
# Node GroundTruthClusterID ObtainedClusterID_pivot ObtainedClusterID_density ObtainedClusterID_vote
1 5 102 500 1002
2 5 102 500 1002
3 5 102 500 1002
4 5 102 500 1002
5 5 102 500 1002
6 5 102 500 1002
7 5 102 500 1002
8 5 102 500 1002
9 5 102 500 1002
10 5 102 500 1002
11 5 102 500 1002
12 5 102 500 1002
13 5 102 500 1002
14 5 102 500 1002
15 5 102 500 1002
16 5 102 500 1002
17 5 102 500 1002
18 5 102 500 1002
19 5 102 500 1002
20 5 102 500 1002
21 5 102 500 1002
22 5 102 500 1002
23 5 102 500 1002
24 5 101 501 1000
25 5 102 500 1002
26 5 102 500 1002
27 5 102 500 1002
28 5 102 500 1002
29 5 104 502 1004
30 5 102 500 1002
31 5 104 502 1004
32 5 102 500 1002
33 5 102 500 1002
34 5 102 500 1002
35 5 102 500 1002
36 5 102 500 1002
37 5 102 500 1002
38 5 102 500 1002
39 5 103 503 1003
40 5 102 500 1002
41 5 102 500 1002
42 5 102 500 1002
43 5 102 500 1002
44 5 102 500 1002
45 5 102 500 1002
46 5 102 500 1002
47 5 102 500 1002
48 5 102 500 1002
49 5 104 502 1004
50 5 102 500 1002
51 5 102 500 1002
52 5 102 500 1002
53 5 102 500 1002
54 5 102 500 1002
55 5 102 500 1002
56 5 102 500 1002
57 5 102 500 1002
58 5 102 500 1002
59 5 102 500 1002
60 5 102 500 1002
61 5 102 500 1002
62 5 102 500 1002
63 5 102 500 1002
64 5 102 500 1002
65 5 102 500 1002
66 5 102 500 1002
67 5 102 500 1002
68 5 102 500 1002
69 5 102 500 1002
70 5 102 500 1002
71 5 102 500 1002
72 5 102 500 1002
73 5 102 500 1002
74 5 102 500 1002
75 5 102 500 1002
76 5 102 500 1002
77 5 102 500 1002
78 5 102 500 1002
79 5 102 500 1002
80 5 102 500 1002
81 5 102 500 1002
82 5 102 500 1002
83 5 102 500 1002
84 5 102 500 1002
85 5 102 500 1002
86 5 104 502 1004
87 5 102 500 1002
88 5 102 500 1002
89 5 102 500 1002
90 5 102 500 1002
91 5 102 500 1002
92 5 102 500 1002
93 5 102 500 1002
94 5 102 500 1002
95 5 102 500 1002
96 5 102 500 1002
97 5 102 500 1002
98 5 102 500 1002
99 5 102 500 1002
100 5 102 500 1002
101 5 102 500 1002
102 5 102 500 1002
103 5 102 500 1002
104 5 102 500 1002
105 5 102 500 1002
106 5 102 500 1002
107 5 102 500 1002
108 5 102 500 1002
109 5 102 500 1002
110 5 102 500 1002
111 5 102 500 1002
112 5 102 500 1002
113 5 102 500 1002
114 5 102 500 1002
115 5 102 500 1002
116 5 102 500 1002
117 5 102 500 1002
118 5 102 500 1002
119 5 102 500 1002
120 5 102 500 1002
121 5 102 500 1002
122 5 102 500 1002
123 5 102 500 1002
124 5 102 500 1002
125 5 102 500 1002
126 5 101 501 1000
127 5 102 500 1002
128 5 102 500 1002
129 5 102 500 1002
130 5 102 500 1002
131 5 102 500 1002
132 5 102 500 1002
133 5 102 500 1002
134 5 102 500 1002
135 5 102 500 1002
136 5 102 500 1002
137 5 102 500 1002
138 5 102 500 1002
139 5 102 500 1002
140 5 104 502 1004
141 5 102 500 1002
142 5 102 500 1002
143 5 102 500 1002
144 5 102 500 1002
145 5 102 500 1002
146 5 102 500 1002
147 5 102 500 1002
148 5 102 500 1002
149 5 102 500 1002
150 5 102 500 1002
151 5 102 500 1002
152 5 102 500 1002
153 5 102 500 1002
154 5 102 500 1002
155 5 102 500 1002
156 5 102 500 1002
157 5 102 500 1002
158 5 102 500 1002
159 5 102 500 1002
160 5 102 500 1002
161 5 102 500 1002
162 5 102 500 1002
163 5 101 501 1000
164 5 102 500 1002
165 5 102 500 1002
166 5 102 500 1002
167 5 102 500 1002
168 5 102 500 1002
169 5 102 500 1002
170 5 102 500 1002
171 5 102 500 1002
172 5 102 500 1002
173 5 101 501 1000
174 5 102 500 1002
175 5 102 500 1002
176 5 102 500 1002
177 5 102 500 1002
178 5 102 500 1002
179 5 102 500 1002
180 5 102 500 1002
181 5 102 500 1002
182 5 102 500 1002
183 5 102 500 1002
184 5 102 500 1002
185 5 102 500 1002
186 5 102 500 1002
187 5 102 500 1002
188 5 102 500 1002
189 5 102 500 1002
190 5 102 500 1002
191 5 102 500 1002
192 5 102 500 1002
193 5 102 500 1002
194 5 102 500 1002
195 5 101 501 1000
196 5 102 500 1002
197 5 104 502 1004
198 5 102 500 1002
199 5 102 500 1002
200 5 102 500 1002
201 5 102 500 1002
202 5 104 502 1004
203 5 102 500 1002
204 5 102 500 1002
205 5 102 500 1002
206 5 102 500 1002
207 5 102 500 1002
208 5 102 500 1002
209 5 102 500 1002
210 5 102 500 1002
211 5 102 500 1002
212 5 102 500 1002
213 5 102 500 1002
214 5 102 500 1002
215 5 102 500 1002
216 5 102 500 1002
217 5 102 500 1002
218 5 102 500 1002
219 5 102 500 1002
220 5 102 500 1002
221 5 102 500 1002
222 5 102 500 1002
223 5 102 500 1002
224 5 102 500 1002
225 5 102 500 1002
226 5 102 500 1002
227 5 102 500 1002
228 5 101 501 1000
229 5 102 500 1002
230 5 102 500 1002
231 5 102 500 1002
232 5 104 502 1004
233 5 102 500 1002
234 5 102 500 1002
235 5 102 500 1002
236 5 101 501 1000
237 5 102 500 1002
238 5 102 500 1002
239 5 102 500 1002
240 5 102 500 1002
241 5 102 500 1002
242 5 102 500 1002
243 5 102 500 1002
244 5 102 500 1002
245 5 102 500 1002
246 5 102 500 1002
247 5 102 500 1002
248 5 102 500 1002
249 5 102 500 1002
250 5 102 500 1002
251 5 102 500 1002
252 5 102 500 1002
253 5 102 500 1002
254 5 102 500 1002
255 5 102 500 1002
256 5 102 500 1002
257 5 102 500 1002
258 5 102 500 1002
259 5 102 500 1002
260 5 102 500 1002
261 5 102 500 1002
262 5 102 500 1002
263 5 102 500 1002
264 5 102 500 1002
265 5 102 500 1002
266 5 102 500 1002
267 5 102 500 1002
268 5 102 500 1002
269 5 102 500 1002
270 5 104 502 1004
271 5 101 501 1000
272 5 102 500 1002
273 5 102 500 1002
274 5 102 500 1002
275 5 102 500 1002
276 5 102 500 1002
277 5 102 500 1002
278 5 102 500 1002
279 5 102 500 1002
280 5 102 500 1002
281 5 101 501 1000
282 5 102 500 1002
283 5 102 500 1002
284 5 102 500 1002
285 5 102 500 1002
286 5 102 500 1002
287 5 102 500 1002
288 5 102 500 1002
289 5 102 500 1002
290 5 102 500 1002
291 5 102 500 1002
292 5 102 500 1002
293 5 102 500 1002
294 5 102 500 1002
295 5 102 500 1002
296 5 102 500 1002
297 5 102 500 1002
298 5 102 500 1002
299 5 102 500 1002
300 5 102 500 1002
301 5 102 500 1002
302 5 102 500 1002
303 5 102 500 1002
304 5 101 501 1000
305 5 102 500 1002
306 5 102 500 1002
307 5 102 500 1002
308 5 102 500 1002
309 5 102 500 1002
310 5 102 500 1002
311 5 102 500 1002
312 5 102 500 1002
313 5 102 500 1002
314 5 102 500 1002
315 5 102 500 1002
316 5 102 500 1002
317 5 102 500 1002
318 5 102 500 1002
319 5 102 500 1002
320 5 102 500 1002
321 5 102 500 1002
322 5 102 500 1002
323 5 102 500 1002
324 5 102 500 1002
325 5 102 500 1002
326 5 102 500 1002
327 5 101 501 1000
328 5 102 500 1002
329 5 102 500 1002
330 5 102 500 1002
331 5 101 501 1000
332 5 102 500 1002
333 5 102 500 1002
334 5 102 500 1002
335 5 102 500 1002
336 5 102 500 1002
337 5 102 500 1002
338 5 102 500 1002
339 5 102 500 1002
340 5 102 500 1002
341 5 102 500 1002
342 5 102 500 1002
343 5 102 500 1002
344 5 102 500 1002
345 5 102 500 1002
346 5 102 500 1002
347 5 102 500 1002
348 5 102 500 1002
349 5 102 500 1002
350 5 102 500 1002
351 5 102 500 1002
352 5 102 500 1002
353 5 102 500 1002
354 5 102 500 1002
355 5 102 500 1002
356 5 102 500 1002
357 5 102 500 1002
358 5 102 500 1002
359 5 102 500 1002
360 5 102 500 1002
361 5 102 500 1002
362 5 102 500 1002
363 5 102 500 1002
364 5 102 500 1002
365 5 102 500 1002
366 5 101 501 1000
367 5 102 500 1002
368 5 102 500 1002
369 5 102 500 1002
370 5 102 500 1002
371 5 102 500 1002
372 5 102 500 1002
373 5 102 500 1002
374 5 102 500 1002
375 5 102 500 1002
376 5 102 500 1002
377 5 102 500 1002
378 5 102 500 1002
379 5 102 500 1002
380 5 102 500 1002
381 5 102 500 1002
382 5 102 500 1002
383 5 102 500 1002
384 5 102 500 1002
385 5 102 500 1002
386 5 102 500 1002
387 5 102 500 1002
388 5 102 500 1002
389 5 102 500 1002
390 5 102 500 1002
391 5 102 500 1002
392 5 102 500 1002
393 5 102 500 1002
394 5 102 500 1002
395 5 102 500 1002
396 5 101 501 1000
397 5 102 500 1002
398 5 102 500 1002
399 5 102 500 1002
400 5 102 500 1002
401 5 102 500 1002
402 5 102 500 1002
403 5 102 500 1002
404 5 102 500 1002
405 5 102 500 1002
406 5 102 500 1002
407 5 104 502 1004
408 5 102 500 1002
409 5 102 500 1002
410 5 102 500 1002
411 5 102 500 1002
412 5 102 500 1002
413 5 102 500 1002
414 5 102 500 1002
415 5 102 500 1002
416 5 102 500 1002
417 5 102 500 1002
418 5 102 500 1002
419 5 102 500 1002
420 5 102 500 1002
421 5 102 500 1002
422 5 102 500 1002
423 5 102 500 1002
424 5 102 500 1002
425 5 102 500 1002
426 5 102 500 1002
427 5 102 500 1002
428 5 102 500 1002
429 5 102 500 1002
430 5 102 500 1002
431 5 102 500 1002
432 5 102 500 1002
433 5 102 500 1002
434 5 101 501 1000
435 5 102 500 1002
436 5 102 500 1002
437 5 102 500 1002
438 5 102 500 1002
439 5 102 500 1002
440 5 102 500 1002
441 5 102 500 1002
442 5 102 500 1002
443 5 102 500 1002
444 5 102 500 1002
445 5 102 500 1002
446 5 102 500 1002
447 5 102 500 1002
448 5 102 500 1002
449 5 102 500 1002
450 5 101 501 1000
451 5 102 500 1002
452 5 102 500 1002
453 5 102 500 1002
454 5 102 500 1002
455 5 102 500 1002
456 5 102 500 1002
457 5 102 500 1002
458 5 102 500 1002
459 5 102 500 1002
460 5 102 500 1002
461 5 102 500 1002
462 5 102 500 1002
463 5 102 500 1002
464 5 102 500 1002
465 5 102 500 1002
466 5 102 500 1002
467 5 101 501 1000
468 5 102 500 1002
469 5 102 500 1002
470 5 102 500 1002
471 5 102 500 1002
472 5 102 500 1002
473 5 102 500 1002
474 5 102 500 1002
475 5 102 500 1002
476 5 102 500 1002
477 5 102 500 1002
478 5 102 500 1002
479 5 102 500 1002
480 5 102 500 1002
481 5 102 500 1002
482 5 102 500 1002
483 5 102 500 1002
484 5 102 500 1002
485 5 102 500 1002
486 5 102 500 1002
487 5 102 500 1002
488 5 102 500 1002
489 5 102 500 1002
490 5 101 501 1000
491 5 102 500 1002
492 5 102 500 1002
493 5 102 500 1002
494 5 102 500 1002
495 5 102 500 1002
496 5 102 500 1002
497 5 102 500 1002
498 5 102 500 1002
499 5 102 500 1002
500 5 102 500 1002
501 3 101 501 1000
502 3 101 501 1000
503 3 101 501 1000
504 3 101 501 1000
505 3 101 501 1000
506 3 101 501 1000
507 3 101 501 1000
508 3 101 501 1000
509 3 101 501 1000
510 3 101 501 1000
511 3 101 501 1000
512 3 101 501 1000
513 3 101 501 1000
514 3 101 501 1000
515 3 101 501 1000
516 3 101 501 1000
517 3 101 501 1000
518 3 101 501 1000
519 3 102 500 1002
520 3 101 501 1000
521 3 101 501 1000
522 3 101 501 1000
523 3 101 501 1000
524 3 101 501 1000
525 3 101 501 1000
526 3 101 501 1000
527 3 101 501 1000
528 3 101 501 1000
529 3 101 501 1000
530 3 101 501 1000
531 3 101 501 1000
532 3 101 501 1000
533 3 101 501 1000
534 3 101 501 1000
535 3 101 501 1000
536 3 101 501 1000
537 3 101 501 1000
538 3 101 501 1000
539 3 101 501 1000
540 3 101 501 1000
541 3 101 501 1000
542 3 101 501 1000
543 3 101 501 1000
544 3 101 501 1000
545 3 101 501 1000
546 3 101 501 1000
547 3 101 501 1000
548 3 101 501 1000
549 3 101 501 1000
550 3 101 501 1000
551 3 101 501 1000
552 3 101 501 1000
553 3 101 501 1000
554 3 101 501 1000
555 3 101 501 1000
556 3 101 501 1000
557 3 101 501 1000
558 3 101 501 1000
559 3 101 501 1000
560 3 101 501 1000
561 3 101 501 1000
562 3 101 501 1000
563 3 101 501 1000
564 3 101 501 1000
565 3 101 501 1000
566 3 101 501 1000
567 3 101 501 1000
568 3 101 501 1000
569 3 101 501 1000
570 3 101 501 1000
571 3 101 501 1000
572 3 101 501 1000
573 3 101 501 1000
574 3 101 501 1000
575 3 101 501 1000
576 3 101 501 1000
577 3 101 501 1000
578 3 101 501 1000
579 3 101 501 1000
580 3 101 501 1000
581 3 101 501 1000
582 3 101 501 1000
583 3 101 501 1000
584 3 101 501 1000
585 3 101 501 1000
586 3 101 501 1000
587 3 101 501 1000
588 3 101 501 1000
589 3 101 501 1000
590 3 101 501 1000
591 3 101 501 1000
592 3 101 501 1000
593 3 101 501 1000
594 3 101 501 1000
595 3 101 501 1000
596 3 101 501 1000
597 3 101 501 1000
598 3 101 501 1000
599 3 101 501 1000
600 3 101 501 1000
601 3 101 501 1000
602 3 101 501 1000
603 3 101 501 1000
604 3 101 501 1000
605 3 101 501 1000
606 3 101 501 1000
607 3 101 501 1000
608 3 101 501 1000
609 3 101 501 1000
610 3 101 501 1000
611 3 101 501 1000
612 3 101 501 1000
613 3 101 501 1000
614 3 101 501 1000
615 3 101 501 1000
616 3 101 501 1000
617 3 101 501 1000
618 3 101 501 1000
619 3 101 501 1000
620 3 101 501 1000
621 3 101 501 1000
622 3 101 501 1000
623 3 101 501 1000
624 3 101 501 1000
625 3 101 501 1000
626 3 101 501 1000
627 3 101 501 1000
628 3 103 503 1003
629 3 101 501 1000
630 3 101 501 1000
631 3 101 501 1000
632 3 101 501 1000
633 3 101 501 1000
634 3 101 501 1000
635 3 101 501 1000
636 3 101 501 1000
637 3 102 500 1002
638 3 101 501 1000
639 3 101 501 1000
640 3 101 501 1000
641 3 101 501 1000
642 3 101 501 1000
643 3 101 501 1000
644 3 101 501 1000
645 3 101 501 1000
646 3 101 501 1000
647 3 101 501 1000
648 3 101 501 1000
649 3 101 501 1000
650 3 101 501 1000
651 3 101 501 1000
652 3 103 503 1003
653 3 101 501 1000
654 3 101 501 1000
655 3 101 501 1000
656 3 101 501 1000
657 3 101 501 1000
658 3 101 501 1000
659 3 101 501 1000
660 3 101 501 1000
661 3 101 501 1000
662 3 101 501 1000
663 3 101 501 1000
664 3 101 501 1000
665 3 101 501 1000
666 3 101 501 1000
667 3 101 501 1000
668 3 101 501 1000
669 3 101 501 1000
670 3 101 501 1000
671 3 101 501 1000
672 3 101 501 1000
673 3 101 501 1000
674 3 101 501 1000
675 3 101 501 1000
676 3 101 501 1000
677 3 101 501 1000
678 3 101 501 1000
679 3 101 501 1000
680 3 101 501 1000
681 3 101 501 1000
682 3 101 501 1000
683 3 101 501 1000
684 3 101 501 1000
685 3 100 504 1001
686 3 101 501 1000
687 3 101 501 1000
688 3 101 501 1000
689 3 101 501 1000
690 3 101 501 1000
691 3 101 501 1000
692 3 101 501 1000
693 3 101 501 1000
694 3 102 500 1002
695 3 102 500 1002
696 3 101 501 1000
697 3 101 501 1000
698 3 101 501 1000
699 3 101 501 1000
700 3 101 501 1000
701 3 101 501 1000
702 3 101 501 1000
703 3 101 501 1000
704 3 101 501 1000
705 3 101 501 1000
706 3 101 501 1000
707 3 101 501 1000
708 3 101 501 1000
709 3 101 501 1000
710 3 101 501 1000
711 3 101 501 1000
712 3 101 501 1000
713 3 101 501 1000
714 3 101 501 1000
715 3 101 501 1000
716 3 102 500 1002
717 3 101 501 1000
718 3 101 501 1000
719 3 101 501 1000
720 3 101 501 1000
721 3 101 501 1000
722 3 101 501 1000
723 3 101 501 1000
724 3 101 501 1000
725 3 101 501 1000
726 3 101 501 1000
727 3 101 501 1000
728 3 101 501 1000
729 3 101 501 1000
730 3 101 501 1000
731 3 102 500 1002
732 3 102 500 1002
733 3 101 501 1000
734 3 101 501 1000
735 3 101 501 1000
736 3 101 501 1000
737 3 101 501 1000
738 3 101 501 1000
739 3 102 500 1002
740 3 101 501 1000
741 3 101 501 1000
742 3 101 501 1000
743 3 101 501 1000
744 3 101 501 1000
745 3 101 501 1000
746 3 101 501 1000
747 3 101 501 1000
748 3 101 501 1000
749 3 101 501 1000
750 3 101 501 1000
751 3 101 501 1000
752 3 101 501 1000
753 3 101 501 1000
754 3 101 501 1000
755 3 102 500 1002
756 3 101 501 1000
757 3 101 501 1000
758 3 101 501 1000
759 3 100 504 1001
760 3 101 501 1000
761 3 101 501 1000
762 3 101 501 1000
763 3 101 501 1000
764 3 101 501 1000
765 3 101 501 1000
766 3 101 501 1000
767 3 101 501 1000
768 3 101 501 1000
769 3 101 501 1000
770 3 101 501 1000
771 3 101 501 1000
772 3 101 501 1000
773 3 101 501 1000
774 3 101 501 1000
775 3 101 501 1000
776 3 101 501 1000
777 3 101 501 1000
778 3 101 501 1000
779 3 101 501 1000
780 3 101 501 1000
781 3 101 501 1000
782 3 101 501 1000
783 3 101 501 1000
784 3 101 501 1000
785 3 101 501 1000
786 3 101 501 1000
787 3 101 501 1000
788 3 101 501 1000
789 3 102 500 1002
790 3 101 501 1000
791 3 101 501 1000
792 3 101 501 1000
793 3 101 501 1000
794 3 101 501 1000
795 3 101 501 1000
796 3 101 501 1000
797 3 101 501 1000
798 3 101 501 1000
799 3 101 501 1000
800 3 101 501 1000
801 3 101 501 1000
802 3 101 501 1000
803 3 103 503 1003
804 3 101 501 1000
805 3 101 501 1000
806 3 101 501 1000
807 3 101 501 1000
808 3 101 501 1000
809 3 101 501 1000
810 3 101 501 1000
811 3 101 501 1000
812 3 101 501 1000
813 3 100 504 1001
814 3 102 500 1002
815 3 101 501 1000
816 3 101 501 1000
817 3 101 501 1000
818 3 101 501 1000
819 3 102 500 1002
820 3 101 501 1000
821 3 101 501 1000
822 3 101 501 1000
823 3 101 501 1000
824 3 101 501 1000
825 3 101 501 1000
826 3 103 503 1003
827 3 101 501 1000
828 3 101 501 1000
829 3 101 501 1000
830 3 101 501 1000
831 3 101 501 1000
832 3 101 501 1000
833 3 100 504 1001
834 3 101 501 1000
835 3 101 501 1000
836 3 101 501 1000
837 3 101 501 1000
838 3 101 501 1000
839 3 101 501 1000
840 3 100 504 1001
841 3 101 501 1000
842 3 101 501 1000
843 3 101 501 1000
844 3 101 501 1000
845 3 101 501 1000
846 3 101 501 1000
847 3 101 501 1000
848 3 101 501 1000
849 3 101 501 1000
850 3 101 501 1000
851 3 100 504 1001
852 3 101 501 1000
853 3 101 501 1000
854 3 101 501 1000
855 3 101 501 1000
856 3 101 501 1000
857 3 101 501 1000
858 3 101 501 1000
859 3 101 501 1000
860 3 101 501 1000
861 3 101 501 1000
862 3 101 501 1000
863 3 101 501 1000
864 3 101 501 1000
865 3 101 501 1000
866 3 101 501 1000
867 3 101 501 1000
868 3 101 501 1000
869 3 101 501 1000
870 3 101 501 1000
871 3 101 501 1000
872 3 101 501 1000
873 3 101 501 1000
874 3 101 501 1000
875 3 101 501 1000
876 3 101 501 1000
877 3 103 503 1003
878 3 101 501 1000
879 3 101 501 1000
880 3 101 501 1000
881 3 101 501 1000
882 3 101 501 1000
883 3 101 501 1000
884 3 101 501 1000
885 3 101 501 1000
886 3 101 501 1000
887 3 101 501 1000
888 3 101 501 1000
889 3 101 501 1000
890 3 102 500 1002
891 3 101 501 1000
892 3 101 501 1000
893 3 101 501 1000
894 3 101 501 1000
895 3 101 501 1000
896 3 101 501 1000
897 3 101 501 1000
898 3 101 501 1000
899 3 101 501 1000
900 3 101 501 1000
901 3 101 501 1000
902 3 101 501 1000
903 3 101 501 1000
904 3 100 504 1001
905 3 101 501 1000
906 3 101 501 1000
907 3 101 501 1000
908 3 101 501 1000
909 3 101 501 1000
910 3 101 501 1000
911 3 101 501 1000
912 3 101 501 1000
913 3 101 501 1000
914 3 101 501 1000
915 3 101 501 1000
916 3 101 501 1000
917 3 101 501 1000
918 3 101 501 1000
919 3 101 501 1000
920 3 101 501 1000
921 3 101 501 1000
922 3 101 501 1000
923 3 101 501 1000
924 3 101 501 1000
925 3 101 501 1000
926 3 101 501 1000
927 3 101 501 1000
928 3 101 501 1000
929 3 101 501 1000
930 3 101 501 1000
931 3 101 501 1000
932 3 101 501 1000
933 3 101 501 1000
934 3 101 501 1000
935 3 101 501 1000
936 3 101 501 1000
937 3 101 501 1000
938 3 101 501 1000
939 3 101 501 1000
940 3 101 501 1000
941 3 101 501 1000
942 3 101 501 1000
943 3 101 501 1000
944 3 102 500 1002
945 3 101 501 1000
946 3 101 501 1000
947 3 101 501 1000
948 3 101 501 1000
949 3 101 501 1000
950 3 101 501 1000
951 3 101 501 1000
952 3 101 501 1000
953 3 101 501 1000
954 3 101 501 1000
955 3 101 501 1000
956 3 101 501 1000
957 3 101 501 1000
958 3 101 501 1000
959 3 101 501 1000
960 3 101 501 1000
961 3 101 501 1000
962 3 101 501 1000
963 3 101 501 1000
964 3 101 501 1000
965 3 101 501 1000
966 3 101 501 1000
967 3 101 501 1000
968 3 103 503 1003
969 3 101 501 1000
970 3 101 501 1000
971 3 101 501 1000
972 3 101 501 1000
973 3 101 501 1000
974 3 101 501 1000
975 3 101 501 1000
976 3 101 501 1000
977 3 101 501 1000
978 3 101 501 1000
979 3 101 501 1000
980 3 101 501 1000
981 3 101 501 1000
982 3 101 501 1000
983 3 101 501 1000
984 3 101 501 1000
985 3 101 501 1000
986 3 101 501 1000
987 3 101 501 1000
988 3 101 501 1000
989 3 101 501 1000
990 3 101 501 1000
991 3 101 501 1000
992 3 101 501 1000
993 3 101 501 1000
994 3 102 500 1002
995 3 101 501 1000
996 3 101 501 1000
997 3 101 501 1000
998 3 101 501 1000
999 3 101 501 1000
1000 3 101 501 1000
1001 6 104 502 1004
1002 6 104 502 1004
1003 6 104 502 1004
1004 6 104 502 1004
1005 6 104 502 1004
1006 6 104 502 1004
1007 6 104 502 1004
1008 6 104 502 1004
1009 6 104 502 1004
1010 6 104 502 1004
1011 6 104 502 1004
1012 6 104 502 1004
1013 6 104 502 1004
1014 6 104 502 1004
1015 6 104 502 1004
1016 6 104 502 1004
1017 6 104 502 1004
1018 6 104 502 1004
1019 6 104 502 1004
1020 6 104 502 1004
1021 6 104 502 1004
1022 6 104 502 1004
1023 6 104 502 1004
1024 6 104 502 1004
1025 6 104 502 1004
1026 6 104 502 1004
1027 6 104 502 1004
1028 6 102 500 1002
1029 6 104 502 1004
1030 6 104 502 1004
1031 6 104 502 1004
1032 6 104 502 1004
1033 6 104 502 1004
1034 6 104 502 1004
1035 6 104 502 1004
1036 6 104 502 1004
1037 6 104 502 1004
1038 6 104 502 1004
1039 6 104 502 1004
1040 6 104 502 1004
1041 6 104 502 1004
1042 6 104 502 1004
1043 6 104 502 1004
1044 6 104 502 1004
1045 6 102 500 1002
1046 6 104 502 1004
1047 6 104 502 1004
1048 6 104 502 1004
1049 6 104 502 1004
1050 6 104 502 1004
1051 6 104 502 1004
1052 6 104 502 1004
1053 6 104 502 1004
1054 6 104 502 1004
1055 6 104 502 1004
1056 6 104 502 1004
1057 6 104 502 1004
1058 6 104 502 1004
1059 6 104 502 1004
1060 6 104 502 1004
1061 6 104 502 1004
1062 6 104 502 1004
1063 6 104 502 1004
1064 6 104 502 1004
1065 6 104 502 1004
1066 6 104 502 1004
1067 6 104 502 1004
1068 6 104 502 1004
1069 6 104 502 1004
1070 6 102 500 1002
1071 6 103 503 1003
1072 6 104 502 1004
1073 6 104 502 1004
1074 6 104 502 1004
1075 6 104 502 1004
1076 6 104 502 1004
1077 6 104 502 1004
1078 6 104 502 1004
1079 6 104 502 1004
1080 6 104 502 1004
1081 6 102 500 1002
1082 6 104 502 1004
1083 6 104 502 1004
1084 6 104 502 1004
1085 6 104 502 1004
1086 6 104 502 1004
1087 6 104 502 1004
1088 6 104 502 1004
1089 6 104 502 1004
1090 6 104 502 1004
1091 6 104 502 1004
1092 6 104 502 1004
1093 6 102 500 1002
1094 6 104 502 1004
1095 6 104 502 1004
1096 6 104 502 1004
1097 6 104 502 1004
1098 6 104 502 1004
1099 6 104 502 1004
1100 6 104 502 1004
1101 6 104 502 1004
1102 6 104 502 1004
1103 6 104 502 1004
1104 6 104 502 1004
1105 6 104 502 1004
1106 6 104 502 1004
1107 6 104 502 1004
1108 6 100 504 1001
1109 6 104 502 1004
1110 6 104 502 1004
1111 6 104 502 1004
1112 6 104 502 1004
1113 6 104 502 1004
1114 6 104 502 1004
1115 6 104 502 1004
1116 6 104 502 1004
1117 6 104 502 1004
1118 6 104 502 1004
1119 6 104 502 1004
1120 6 104 502 1004
1121 6 104 502 1004
1122 6 104 502 1004
1123 6 104 502 1004
1124 6 104 502 1004
1125 6 104 502 1004
1126 6 100 504 1001
1127 6 104 502 1004
1128 6 104 502 1004
1129 6 104 502 1004
1130 6 104 502 1004
1131 6 104 502 1004
1132 6 104 502 1004
1133 6 104 502 1004
1134 6 104 502 1004
1135 6 104 502 1004
1136 6 104 502 1004
1137 6 104 502 1004
1138 6 104 502 1004
1139 6 104 502 1004
1140 6 104 502 1004
1141 6 104 502 1004
1142 6 104 502 1004
1143 6 104 502 1004
1144 6 104 502 1004
1145 6 104 502 1004
1146 6 104 502 1004
1147 6 102 500 1002
1148 6 104 502 1004
1149 6 104 502 1004
1150 6 104 502 1004
1151 6 104 502 1004
1152 6 104 502 1004
1153 6 104 502 1004
1154 6 104 502 1004
1155 6 104 502 1004
1156 6 104 502 1004
1157 6 104 502 1004
1158 6 104 502 1004
1159 6 104 502 1004
1160 6 104 502 1004
1161 6 104 502 1004
1162 6 104 502 1004
1163 6 104 502 1004
1164 6 104 502 1004
1165 6 104 502 1004
1166 6 104 502 1004
1167 6 104 502 1004
1168 6 104 502 1004
1169 6 104 502 1004
1170 6 104 502 1004
1171 6 104 502 1004
1172 6 104 502 1004
1173 6 104 502 1004
1174 6 104 502 1004
1175 6 104 502 1004
1176 6 102 500 1002
1177 6 104 502 1004
1178 6 104 502 1004
1179 6 104 502 1004
1180 6 104 502 1004
1181 6 104 502 1004
1182 6 104 502 1004
1183 6 104 502 1004
1184 6 104 502 1004
1185 6 104 502 1004
1186 6 104 502 1004
1187 6 104 502 1004
1188 6 104 502 1004
1189 6 104 502 1004
1190 6 104 502 1004
1191 6 104 502 1004
1192 6 104 502 1004
1193 6 104 502 1004
1194 6 104 502 1004
1195 6 104 502 1004
1196 6 104 502 1004
1197 6 104 502 1004
1198 6 104 502 1004
1199 6 104 502 1004
1200 6 104 502 1004
1201 6 104 502 1004
1202 6 104 502 1004
1203 6 104 502 1004
1204 6 104 502 1004
1205 6 104 502 1004
1206 6 104 502 1004
1207 6 104 502 1004
1208 6 104 502 1004
1209 6 104 502 1004
1210 6 104 502 1004
1211 6 104 502 1004
1212 6 104 502 1004
1213 6 104 502 1004
1214 6 104 502 1004
1215 6 104 502 1004
1216 6 102 500 1002
1217 6 104 502 1004
1218 6 104 502 1004
1219 6 104 502 1004
1220 6 104 502 1004
1221 6 104 502 1004
1222 6 104 502 1004
1223 6 104 502 1004
1224 6 104 502 1004
1225 6 104 502 1004
1226 6 104 502 1004
1227 6 104 502 1004
1228 6 104 502 1004
1229 6 104 502 1004
1230 6 104 502 1004
1231 6 104 502 1004
1232 6 104 502 1004
1233 6 104 502 1004
1234 6 102 500 1002
1235 6 104 502 1004
1236 6 104 502 1004
1237 6 104 502 1004
1238 6 104 502 1004
1239 6 104 502 1004
1240 6 104 502 1004
1241 6 104 502 1004
1242 6 104 502 1004
1243 6 104 502 1004
1244 6 104 502 1004
1245 6 104 502 1004
1246 6 104 502 1004
1247 6 104 502 1004
1248 6 104 502 1004
1249 6 104 502 1004
1250 6 104 502 1004
1251 6 104 502 1004
1252 6 104 502 1004
1253 6 104 502 1004
1254 6 104 502 1004
1255 6 104 502 1004
1256 6 104 502 1004
1257 6 100 504 1001
1258 6 104 502 1004
1259 6 102 500 1002
1260 6 104 502 1004
1261 6 104 502 1004
1262 6 104 502 1004
1263 6 104 502 1004
1264 6 104 502 1004
1265 6 101 501 1000
1266 6 104 502 1004
1267 6 104 502 1004
1268 6 104 502 1004
1269 6 104 502 1004
1270 6 104 502 1004
1271 6 104 502 1004
1272 6 104 502 1004
1273 6 104 502 1004
1274 6 104 502 1004
1275 6 104 502 1004
1276 6 104 502 1004
1277 6 104 502 1004
1278 6 101 501 1000
1279 6 104 502 1004
1280 6 104 502 1004
1281 6 104 502 1004
1282 6 104 502 1004
1283 6 104 502 1004
1284 6 104 502 1004
1285 6 104 502 1004
1286 6 104 502 1004
1287 6 104 502 1004
1288 6 104 502 1004
1289 6 104 502 1004
1290 6 104 502 1004
1291 6 104 502 1004
1292 6 104 502 1004
1293 6 104 502 1004
1294 6 104 502 1004
1295 6 104 502 1004
1296 6 104 502 1004
1297 6 104 502 1004
1298 6 104 502 1004
1299 6 104 502 1004
1300 6 104 502 1004
1301 6 104 502 1004
1302 6 104 502 1004
1303 6 104 502 1004
1304 6 104 502 1004
1305 6 104 502 1004
1306 6 104 502 1004
1307 6 104 502 1004
1308 6 104 502 1004
1309 6 104 502 1004
1310 6 104 502 1004
1311 6 104 502 1004
1312 6 104 502 1004
1313 6 104 502 1004
1314 6 104 502 1004
1315 6 104 502 1004
1316 6 104 502 1004
1317 6 104 502 1004
1318 6 104 502 1004
1319 6 104 502 1004
1320 6 104 502 1004
1321 6 104 502 1004
1322 6 104 502 1004
1323 6 104 502 1004
1324 6 104 502 1004
1325 6 104 502 1004
1326 6 104 502 1004
1327 6 104 502 1004
1328 6 104 502 1004
1329 6 104 502 1004
1330 6 104 502 1004
1331 6 104 502 1004
1332 6 104 502 1004
1333 6 104 502 1004
1334 6 104 502 1004
1335 6 104 502 1004
1336 6 104 502 1004
1337 6 104 502 1004
1338 6 104 502 1004
1339 6 104 502 1004
1340 6 104 502 1004
1341 6 104 502 1004
1342 6 104 502 1004
1343 6 104 502 1004
1344 6 104 502 1004
1345 6 104 502 1004
1346 6 104 502 1004
1347 6 104 502 1004
1348 6 104 502 1004
1349 6 100 504 1001
1350 6 104 502 1004
1351 6 104 502 1004
1352 6 104 502 1004
1353 6 104 502 1004
1354 6 104 502 1004
1355 6 104 502 1004
1356 6 104 502 1004
1357 6 104 502 1004
1358 6 104 502 1004
1359 6 104 502 1004
1360 6 104 502 1004
1361 6 104 502 1004
1362 6 104 502 1004
1363 6 104 502 1004
1364 6 104 502 1004
1365 6 104 502 1004
1366 6 104 502 1004
1367 6 104 502 1004
1368 6 104 502 1004
1369 6 104 502 1004
1370 6 102 500 1002
1371 6 104 502 1004
1372 6 104 502 1004
1373 6 104 502 1004
1374 6 104 502 1004
1375 6 104 502 1004
1376 6 104 502 1004
1377 6 104 502 1004
1378 6 104 502 1004
1379 6 104 502 1004
1380 6 104 502 1004
1381 6 104 502 1004
1382 6 104 502 1004
1383 6 104 502 1004
1384 6 104 502 1004
1385 6 104 502 1004
1386 6 104 502 1004
1387 6 104 502 1004
1388 6 104 502 1004
1389 6 104 502 1004
1390 6 104 502 1004
1391 6 104 502 1004
1392 6 104 502 1004
1393 6 104 502 1004
1394 6 104 502 1004
1395 6 104 502 1004
1396 6 104 502 1004
1397 6 104 502 1004
1398 6 104 502 1004
1399 6 104 502 1004
1400 6 104 502 1004
1401 6 104 502 1004
1402 6 104 502 1004
1403 6 104 502 1004
1404 6 104 502 1004
1405 6 104 502 1004
1406 6 104 502 1004
1407 6 104 502 1004
1408 6 104 502 1004
1409 6 104 502 1004
1410 6 104 502 1004
1411 6 104 502 1004
1412 6 104 502 1004
1413 6 104 502 1004
1414 6 104 502 1004
1415 6 104 502 1004
1416 6 104 502 1004
1417 6 104 502 1004
1418 6 104 502 1004
1419 6 102 500 1002
1420 6 104 502 1004
1421 6 104 502 1004
1422 6 104 502 1004
1423 6 104 502 1004
1424 6 104 502 1004
1425 6 104 502 1004
1426 6 104 502 1004
1427 6 104 502 1004
1428 6 102 500 1002
1429 6 104 502 1004
1430 6 104 502 1004
1431 6 104 502 1004
1432 6 104 502 1004
1433 6 104 502 1004
1434 6 104 502 1004
1435 6 104 502 1004
1436 6 104 502 1004
1437 6 104 502 1004
1438 6 104 502 1004
1439 6 104 502 1004
1440 6 104 502 1004
1441 6 104 502 1004
1442 6 104 502 1004
1443 6 104 502 1004
1444 6 104 502 1004
1445 6 104 502 1004
1446 6 104 502 1004
1447 6 104 502 1004
1448 6 104 502 1004
1449 6 104 502 1004
1450 6 104 502 1004
1451 6 104 502 1004
1452 6 104 502 1004
1453 6 104 502 1004
1454 6 104 502 1004
1455 6 104 502 1004
1456 6 104 502 1004
1457 6 104 502 1004
1458 6 104 502 1004
1459 6 104 502 1004
1460 6 104 502 1004
1461 6 104 502 1004
1462 6 104 502 1004
1463 6 104 502 1004
1464 6 104 502 1004
1465 6 104 502 1004
1466 6 104 502 1004
1467 6 104 502 1004
1468 6 104 502 1004
1469 6 104 502 1004
1470 6 102 500 1002
1471 6 104 502 1004
1472 6 104 502 1004
1473 6 104 502 1004
1474 6 104 502 1004
1475 6 104 502 1004
1476 6 104 502 1004
1477 6 104 502 1004
1478 6 104 502 1004
1479 6 104 502 1004
1480 6 104 502 1004
1481 6 104 502 1004
1482 6 104 502 1004
1483 6 104 502 1004
1484 6 104 502 1004
1485 6 102 500 1002
1486 6 104 502 1004
1487 6 104 502 1004
1488 6 104 502 1004
1489 6 104 502 1004
1490 6 104 502 1004
1491 6 104 502 1004
1492 6 104 502 1004
1493 6 104 502 1004
1494 6 104 502 1004
1495 6 104 502 1004
1496 6 104 502 1004
1497 6 104 502 1004
1498 6 104 502 1004
1499 6 104 502 1004
1500 6 104 502 1004
1501 2 100 504 1001
1502 2 100 504 1001
1503 2 100 504 1001
1504 2 100 504 1001
1505 2 100 504 1001
1506 2 100 504 1001
1507 2 100 504 1001
1508 2 100 504 1001
1509 2 100 504 1001
1510 2 100 504 1001
1511 2 100 504 1001
1512 2 100 504 1001
1513 2 100 504 1001
1514 2 100 504 1001
1515 2 100 504 1001
1516 2 100 504 1001
1517 2 100 504 1001
1518 2 100 504 1001
1519 2 100 504 1001
1520 2 100 504 1001
1521 2 100 504 1001
1522 2 100 504 1001
1523 2 100 504 1001
1524 2 100 504 1001
1525 2 100 504 1001
1526 2 100 504 1001
1527 2 100 504 1001
1528 2 100 504 1001
1529 2 100 504 1001
1530 2 100 504 1001
1531 2 100 504 1001
1532 2 100 504 1001
1533 2 100 504 1001
1534 2 100 504 1001
1535 2 100 504 1001
1536 2 100 504 1001
1537 2 100 504 1001
1538 2 100 504 1001
1539 2 100 504 1001
1540 2 100 504 1001
1541 2 100 504 1001
1542 2 100 504 1001
1543 2 100 504 1001
1544 2 100 504 1001
1545 2 100 504 1001
1546 2 100 504 1001
1547 2 100 504 1001
1548 2 104 502 1004
1549 2 100 504 1001
1550 2 100 504 1001
1551 2 100 504 1001
1552 2 100 504 1001
1553 2 100 504 1001
1554 2 100 504 1001
1555 2 100 504 1001
1556 2 100 504 1001
1557 2 100 504 1001
1558 2 100 504 1001
1559 2 100 504 1001
1560 2 100 504 1001
1561 2 104 502 1004
1562 2 100 504 1001
1563 2 100 504 1001
1564 2 100 504 1001
1565 2 100 504 1001
1566 2 100 504 1001
1567 2 100 504 1001
1568 2 100 504 1001
1569 2 100 504 1001
1570 2 100 504 1001
1571 2 100 504 1001
1572 2 100 504 1001
1573 2 100 504 1001
1574 2 100 504 1001
1575 2 100 504 1001
1576 2 100 504 1001
1577 2 100 504 1001
1578 2 100 504 1001
1579 2 100 504 1001
1580 2 100 504 1001
1581 2 100 504 1001
1582 2 100 504 1001
1583 2 100 504 1001
1584 2 100 504 1001
1585 2 100 504 1001
1586 2 100 504 1001
1587 2 100 504 1001
1588 2 100 504 1001
1589 2 100 504 1001
1590 2 100 504 1001
1591 2 100 504 1001
1592 2 100 504 1001
1593 2 100 504 1001
1594 2 100 504 1001
1595 2 101 501 1000
1596 2 100 504 1001
1597 2 100 504 1001
1598 2 100 504 1001
1599 2 100 504 1001
1600 2 100 504 1001
1601 2 100 504 1001
1602 2 100 504 1001
1603 2 100 504 1001
1604 2 100 504 1001
1605 2 100 504 1001
1606 2 100 504 1001
1607 2 100 504 1001
1608 2 100 504 1001
1609 2 100 504 1001
1610 2 100 504 1001
1611 2 100 504 1001
1612 2 100 504 1001
1613 2 104 502 1004
1614 2 100 504 1001
1615 2 100 504 1001
1616 2 100 504 1001
1617 2 100 504 1001
1618 2 100 504 1001
1619 2 100 504 1001
1620 2 100 504 1001
1621 2 100 504 1001
1622 2 100 504 1001
1623 2 100 504 1001
1624 2 100 504 1001
1625 2 100 504 1001
1626 2 100 504 1001
1627 2 100 504 1001
1628 2 100 504 1001
1629 2 100 504 1001
1630 2 100 504 1001
1631 2 100 504 1001
1632 2 100 504 1001
1633 2 100 504 1001
1634 2 100 504 1001
1635 2 100 504 1001
1636 2 100 504 1001
1637 2 100 504 1001
1638 2 100 504 1001
1639 2 100 504 1001
1640 2 100 504 1001
1641 2 100 504 1001
1642 2 100 504 1001
1643 2 100 504 1001
1644 2 100 504 1001
1645 2 100 504 1001
1646 2 100 504 1001
1647 2 102 500 1002
1648 2 100 504 1001
1649 2 102 500 1002
1650 2 100 504 1001
1651 2 100 504 1001
1652 2 100 504 1001
1653 2 100 504 1001
1654 2 103 503 1003
1655 2 100 504 1001
1656 2 100 504 1001
1657 2 101 501 1000
1658 2 100 504 1001
1659 2 100 504 1001
1660 2 101 501 1000
1661 2 100 504 1001
1662 2 100 504 1001
1663 2 100 504 1001
1664 2 100 504 1001
1665 2 100 504 1001
1666 2 104 502 1004
1667 2 100 504 1001
1668 2 100 504 1001
1669 2 100 504 1001
1670 2 100 504 1001
1671 2 100 504 1001
1672 2 100 504 1001
1673 2 100 504 1001
1674 2 100 504 1001
1675 2 100 504 1001
1676 2 100 504 1001
1677 2 100 504 1001
1678 2 100 504 1001
1679 2 100 504 1001
1680 2 100 504 1001
1681 2 100 504 1001
1682 2 100 504 1001
1683 2 100 504 1001
1684 2 100 504 1001
1685 2 100 504 1001
1686 2 100 504 1001
1687 2 100 504 1001
1688 2 100 504 1001
1689 2 100 504 1001
1690 2 100 504 1001
1691 2 100 504 1001
1692 2 100 504 1001
1693 2 100 504 1001
1694 2 100 504 1001
1695 2 100 504 1001
1696 2 100 504 1001
1697 2 100 504 1001
1698 2 100 504 1001
1699 2 100 504 1001
1700 2 100 504 1001
1701 2 100 504 1001
1702 2 100 504 1001
1703 2 100 504 1001
1704 2 100 504 1001
1705 2 100 504 1001
1706 2 100 504 1001
1707 2 100 504 1001
1708 2 100 504 1001
1709 2 100 504 1001
1710 2 100 504 1001
1711 2 100 504 1001
1712 2 100 504 1001
1713 2 100 504 1001
1714 2 100 504 1001
1715 2 100 504 1001
1716 2 100 504 1001
1717 2 100 504 1001
1718 2 100 504 1001
1719 2 100 504 1001
1720 2 100 504 1001
1721 2 100 504 1001
1722 2 100 504 1001
1723 2 100 504 1001
1724 2 100 504 1001
1725 2 100 504 1001
1726 2 100 504 1001
1727 2 100 504 1001
1728 2 100 504 1001
1729 2 100 504 1001
1730 2 100 504 1001
1731 2 100 504 1001
1732 2 100 504 1001
1733 2 100 504 1001
1734 2 100 504 1001
1735 2 100 504 1001
1736 2 100 504 1001
1737 2 100 504 1001
1738 2 100 504 1001
1739 2 100 504 1001
1740 2 100 504 1001
1741 2 103 503 1003
1742 2 100 504 1001
1743 2 100 504 1001
1744 2 100 504 1001
1745 2 100 504 1001
1746 2 100 504 1001
1747 2 100 504 1001
1748 2 100 504 1001
1749 2 100 504 1001
1750 2 100 504 1001
1751 2 100 504 1001
1752 2 100 504 1001
1753 2 100 504 1001
1754 2 100 504 1001
1755 2 100 504 1001
1756 2 100 504 1001
1757 2 100 504 1001
1758 2 100 504 1001
1759 2 100 504 1001
1760 2 100 504 1001
1761 2 100 504 1001
1762 2 100 504 1001
1763 2 100 504 1001
1764 2 100 504 1001
1765 2 100 504 1001
1766 2 100 504 1001
1767 2 100 504 1001
1768 2 100 504 1001
1769 2 100 504 1001
1770 2 104 502 1004
1771 2 100 504 1001
1772 2 100 504 1001
1773 2 100 504 1001
1774 2 100 504 1001
1775 2 100 504 1001
1776 2 100 504 1001
1777 2 100 504 1001
1778 2 101 501 1000
1779 2 100 504 1001
1780 2 100 504 1001
1781 2 100 504 1001
1782 2 100 504 1001
1783 2 100 504 1001
1784 2 100 504 1001
1785 2 100 504 1001
1786 2 100 504 1001
1787 2 100 504 1001
1788 2 100 504 1001
1789 2 100 504 1001
1790 2 100 504 1001
1791 2 101 501 1000
1792 2 100 504 1001
1793 2 100 504 1001
1794 2 100 504 1001
1795 2 100 504 1001
1796 2 100 504 1001
1797 2 100 504 1001
1798 2 100 504 1001
1799 2 100 504 1001
1800 2 100 504 1001
1801 2 100 504 1001
1802 2 100 504 1001
1803 2 100 504 1001
1804 2 100 504 1001
1805 2 100 504 1001
1806 2 100 504 1001
1807 2 100 504 1001
1808 2 100 504 1001
1809 2 100 504 1001
1810 2 100 504 1001
1811 2 100 504 1001
1812 2 100 504 1001
1813 2 100 504 1001
1814 2 100 504 1001
1815 2 100 504 1001
1816 2 100 504 1001
1817 2 100 504 1001
1818 2 100 504 1001
1819 2 100 504 1001
1820 2 100 504 1001
1821 2 100 504 1001
1822 2 100 504 1001
1823 2 100 504 1001
1824 2 100 504 1001
1825 2 100 504 1001
1826 2 100 504 1001
1827 2 100 504 1001
1828 2 100 504 1001
1829 2 100 504 1001
1830 2 100 504 1001
1831 2 100 504 1001
1832 2 100 504 1001
1833 2 100 504 1001
1834 2 100 504 1001
1835 2 100 504 1001
1836 2 100 504 1001
1837 2 100 504 1001
1838 2 100 504 1001
1839 2 103 503 1003
1840 2 100 504 1001
1841 2 100 504 1001
1842 2 100 504 1001
1843 2 100 504 1001
1844 2 100 504 1001
1845 2 100 504 1001
1846 2 100 504 1001
1847 2 100 504 1001
1848 2 100 504 1001
1849 2 100 504 1001
1850 2 100 504 1001
1851 2 100 504 1001
1852 2 100 504 1001
1853 2 100 504 1001
1854 2 100 504 1001
1855 2 100 504 1001
1856 2 100 504 1001
1857 2 100 504 1001
1858 2 100 504 1001
1859 2 100 504 1001
1860 2 100 504 1001
1861 2 103 503 1003
1862 2 101 501 1000
1863 2 100 504 1001
1864 2 100 504 1001
1865 2 100 504 1001
1866 2 104 502 1004
1867 2 100 504 1001
1868 2 100 504 1001
1869 2 100 504 1001
1870 2 100 504 1001
1871 2 100 504 1001
1872 2 100 504 1001
1873 2 100 504 1001
1874 2 100 504 1001
1875 2 100 504 1001
1876 2 100 504 1001
1877 2 100 504 1001
1878 2 100 504 1001
1879 2 100 504 1001
1880 2 100 504 1001
1881 2 100 504 1001
1882 2 100 504 1001
1883 2 100 504 1001
1884 2 100 504 1001
1885 2 100 504 1001
1886 2 100 504 1001
1887 2 100 504 1001
1888 2 100 504 1001
1889 2 100 504 1001
1890 2 100 504 1001
1891 2 100 504 1001
1892 2 100 504 1001
1893 2 100 504 1001
1894 2 100 504 1001
1895 2 100 504 1001
1896 2 100 504 1001
1897 2 100 504 1001
1898 2 100 504 1001
1899 2 100 504 1001
1900 2 104 502 1004
1901 2 100 504 1001
1902 2 100 504 1001
1903 2 100 504 1001
1904 2 100 504 1001
1905 2 100 504 1001
1906 2 100 504 1001
1907 2 100 504 1001
1908 2 100 504 1001
1909 2 100 504 1001
1910 2 100 504 1001
1911 2 100 504 1001
1912 2 100 504 1001
1913 2 100 504 1001
1914 2 100 504 1001
1915 2 100 504 1001
1916 2 100 504 1001
1917 2 100 504 1001
1918 2 100 504 1001
1919 2 100 504 1001
1920 2 100 504 1001
1921 2 100 504 1001
1922 2 100 504 1001
1923 2 103 503 1003
1924 2 100 504 1001
1925 2 100 504 1001
1926 2 100 504 1001
1927 2 104 502 1004
1928 2 100 504 1001
1929 2 100 504 1001
1930 2 100 504 1001
1931 2 100 504 1001
1932 2 100 504 1001
1933 2 100 504 1001
1934 2 100 504 1001
1935 2 100 504 1001
1936 2 100 504 1001
1937 2 100 504 1001
1938 2 100 504 1001
1939 2 100 504 1001
1940 2 100 504 1001
1941 2 100 504 1001
1942 2 102 500 1002
1943 2 100 504 1001
1944 2 100 504 1001
1945 2 100 504 1001
1946 2 100 504 1001
1947 2 100 504 1001
1948 2 100 504 1001
1949 2 100 504 1001
1950 2 100 504 1001
1951 2 100 504 1001
1952 2 100 504 1001
1953 2 100 504 1001
1954 2 100 504 1001
1955 2 100 504 1001
1956 2 100 504 1001
1957 2 100 504 1001
1958 2 100 504 1001
1959 2 100 504 1001
1960 2 100 504 1001
1961 2 100 504 1001
1962 2 100 504 1001
1963 2 103 503 1003
1964 2 100 504 1001
1965 2 100 504 1001
1966 2 100 504 1001
1967 2 100 504 1001
1968 2 100 504 1001
1969 2 100 504 1001
1970 2 100 504 1001
1971 2 100 504 1001
1972 2 100 504 1001
1973 2 100 504 1001
1974 2 100 504 1001
1975 2 100 504 1001
1976 2 100 504 1001
1977 2 100 504 1001
1978 2 100 504 1001
1979 2 100 504 1001
1980 2 100 504 1001
1981 2 100 504 1001
1982 2 101 501 1000
1983 2 100 504 1001
1984 2 100 504 1001
1985 2 100 504 1001
1986 2 100 504 1001
1987 2 100 504 1001
1988 2 100 504 1001
1989 2 100 504 1001
1990 2 100 504 1001
1991 2 100 504 1001
1992 2 100 504 1001
1993 2 100 504 1001
1994 2 100 504 1001
1995 2 100 504 1001
1996 2 100 504 1001
1997 2 100 504 1001
1998 2 100 504 1001
1999 2 100 504 1001
2000 2 100 504 1001
2001 9 103 503 1003
2002 9 103 503 1003
2003 9 103 503 1003
2004 9 103 503 1003
2005 9 103 503 1003
2006 9 103 503 1003
2007 9 103 503 1003
2008 9 103 503 1003
2009 9 103 503 1003
2010 9 103 503 1003
2011 9 103 503 1003
2012 9 103 503 1003
2013 9 103 503 1003
2014 9 103 503 1003
2015 9 103 503 1003
2016 9 103 503 1003
2017 9 103 503 1003
2018 9 103 503 1003
2019 9 103 503 1003
2020 9 103 503 1003
2021 9 103 503 1003
2022 9 103 503 1003
2023 9 103 503 1003
2024 9 103 503 1003
2025 9 103 503 1003
2026 9 103 503 1003
2027 9 103 503 1003
2028 9 103 503 1003
2029 9 103 503 1003
2030 9 103 503 1003
2031 9 103 503 1003
2032 9 103 503 1003
2033 9 103 503 1003
2034 9 103 503 1003
2035 9 103 503 1003
2036 9 103 503 1003
2037 9 103 503 1003
2038 9 103 503 1003
2039 9 103 503 1003
2040 9 103 503 1003
2041 9 103 503 1003
2042 9 103 503 1003
2043 9 103 503 1003
2044 9 103 503 1003
2045 9 103 503 1003
2046 9 103 503 1003
2047 9 103 503 1003
2048 9 103 503 1003
2049 9 103 503 1003
2050 9 103 503 1003
2051 9 103 503 1003
2052 9 103 503 1003
2053 9 103 503 1003
2054 9 103 503 1003
2055 9 103 503 1003
2056 9 103 503 1003
2057 9 103 503 1003
2058 9 103 503 1003
2059 9 103 503 1003
2060 9 103 503 1003
2061 9 103 503 1003
2062 9 103 503 1003
2063 9 103 503 1003
2064 9 102 500 1002
2065 9 103 503 1003
2066 9 103 503 1003
2067 9 103 503 1003
2068 9 103 503 1003
2069 9 103 503 1003
2070 9 103 503 1003
2071 9 103 503 1003
2072 9 103 503 1003
2073 9 103 503 1003
2074 9 103 503 1003
2075 9 103 503 1003
2076 9 103 503 1003
2077 9 103 503 1003
2078 9 103 503 1003
2079 9 103 503 1003
2080 9 103 503 1003
2081 9 103 503 1003
2082 9 103 503 1003
2083 9 103 503 1003
2084 9 103 503 1003
2085 9 103 503 1003
2086 9 103 503 1003
2087 9 103 503 1003
2088 9 103 503 1003
2089 9 103 503 1003
2090 9 103 503 1003
2091 9 103 503 1003
2092 9 103 503 1003
2093 9 103 503 1003
2094 9 103 503 1003
2095 9 103 503 1003
2096 9 103 503 1003
2097 9 103 503 1003
2098 9 103 503 1003
2099 9 103 503 1003
2100 9 103 503 1003
2101 9 103 503 1003
2102 9 103 503 1003
2103 9 103 503 1003
2104 9 103 503 1003
2105 9 103 503 1003
2106 9 103 503 1003
2107 9 103 503 1003
2108 9 103 503 1003
2109 9 103 503 1003
2110 9 103 503 1003
2111 9 103 503 1003
2112 9 103 503 1003
2113 9 103 503 1003
2114 9 103 503 1003
2115 9 103 503 1003
2116 9 103 503 1003
2117 9 103 503 1003
2118 9 103 503 1003
2119 9 103 503 1003
2120 9 103 503 1003
2121 9 103 503 1003
2122 9 103 503 1003
2123 9 103 503 1003
2124 9 103 503 1003
2125 9 103 503 1003
2126 9 103 503 1003
2127 9 103 503 1003
2128 9 103 503 1003
2129 9 103 503 1003
2130 9 102 500 1002
2131 9 103 503 1003
2132 9 101 501 1000
2133 9 103 503 1003
2134 9 103 503 1003
2135 9 103 503 1003
2136 9 103 503 1003
2137 9 103 503 1003
2138 9 103 503 1003
2139 9 103 503 1003
2140 9 103 503 1003
2141 9 103 503 1003
2142 9 103 503 1003
2143 9 103 503 1003
2144 9 103 503 1003
2145 9 101 501 1000
2146 9 103 503 1003
2147 9 103 503 1003
2148 9 103 503 1003
2149 9 103 503 1003
2150 9 103 503 1003
2151 9 103 503 1003
2152 9 103 503 1003
2153 9 103 503 1003
2154 9 103 503 1003
2155 9 103 503 1003
2156 9 103 503 1003
2157 9 103 503 1003
2158 9 103 503 1003
2159 9 103 503 1003
2160 9 103 503 1003
2161 9 103 503 1003
2162 9 103 503 1003
2163 9 103 503 1003
2164 9 103 503 1003
2165 9 103 503 1003
2166 9 103 503 1003
2167 9 103 503 1003
2168 9 103 503 1003
2169 9 103 503 1003
2170 9 103 503 1003
2171 9 103 503 1003
2172 9 103 503 1003
2173 9 103 503 1003
2174 9 103 503 1003
2175 9 103 503 1003
2176 9 103 503 1003
2177 9 103 503 1003
2178 9 103 503 1003
2179 9 104 502 1004
2180 9 103 503 1003
2181 9 103 503 1003
2182 9 103 503 1003
2183 9 102 500 1002
2184 9 103 503 1003
2185 9 103 503 1003
2186 9 103 503 1003
2187 9 103 503 1003
2188 9 103 503 1003
2189 9 103 503 1003
2190 9 103 503 1003
2191 9 103 503 1003
2192 9 103 503 1003
2193 9 103 503 1003
2194 9 103 503 1003
2195 9 103 503 1003
2196 9 103 503 1003
2197 9 103 503 1003
2198 9 103 503 1003
2199 9 103 503 1003
2200 9 103 503 1003
2201 9 103 503 1003
2202 9 103 503 1003
2203 9 103 503 1003
2204 9 103 503 1003
2205 9 103 503 1003
2206 9 103 503 1003
2207 9 103 503 1003
2208 9 103 503 1003
2209 9 103 503 1003
2210 9 103 503 1003
2211 9 103 503 1003
2212 9 103 503 1003
2213 9 103 503 1003
2214 9 103 503 1003
2215 9 102 500 1002
2216 9 103 503 1003
2217 9 103 503 1003
2218 9 103 503 1003
2219 9 103 503 1003
2220 9 103 503 1003
2221 9 103 503 1003
2222 9 103 503 1003
2223 9 103 503 1003
2224 9 103 503 1003
2225 9 103 503 1003
2226 9 103 503 1003
2227 9 103 503 1003
2228 9 103 503 1003
2229 9 101 501 1000
2230 9 103 503 1003
2231 9 103 503 1003
2232 9 103 503 1003
2233 9 103 503 1003
2234 9 103 503 1003
2235 9 103 503 1003
2236 9 103 503 1003
2237 9 103 503 1003
2238 9 103 503 1003
2239 9 103 503 1003
2240 9 103 503 1003
2241 9 103 503 1003
2242 9 103 503 1003
2243 9 103 503 1003
2244 9 103 503 1003
2245 9 103 503 1003
2246 9 103 503 1003
2247 9 103 503 1003
2248 9 103 503 1003
2249 9 103 503 1003
2250 9 103 503 1003
2251 9 103 503 1003
2252 9 103 503 1003
2253 9 103 503 1003
2254 9 103 503 1003
2255 9 103 503 1003
2256 9 103 503 1003
2257 9 103 503 1003
2258 9 103 503 1003
2259 9 103 503 1003
2260 9 103 503 1003
2261 9 103 503 1003
2262 9 103 503 1003
2263 9 103 503 1003
2264 9 103 503 1003
2265 9 103 503 1003
2266 9 103 503 1003
2267 9 103 503 1003
2268 9 103 503 1003
2269 9 103 503 1003
2270 9 103 503 1003
2271 9 103 503 1003
2272 9 103 503 1003
2273 9 103 503 1003
2274 9 103 503 1003
2275 9 103 503 1003
2276 9 103 503 1003
2277 9 103 503 1003
2278 9 103 503 1003
2279 9 103 503 1003
2280 9 103 503 1003
2281 9 103 503 1003
2282 9 103 503 1003
2283 9 103 503 1003
2284 9 103 503 1003
2285 9 103 503 1003
2286 9 103 503 1003
2287 9 103 503 1003
2288 9 103 503 1003
2289 9 103 503 1003
2290 9 103 503 1003
2291 9 102 500 1002
2292 9 103 503 1003
2293 9 103 503 1003
2294 9 103 503 1003
2295 9 103 503 1003
2296 9 103 503 1003
2297 9 103 503 1003
2298 9 103 503 1003
2299 9 103 503 1003
2300 9 103 503 1003
2301 9 103 503 1003
2302 9 103 503 1003
2303 9 103 503 1003
2304 9 103 503 1003
2305 9 103 503 1003
2306 9 102 500 1002
2307 9 103 503 1003
2308 9 103 503 1003
2309 9 103 503 1003
2310 9 103 503 1003
2311 9 103 503 1003
2312 9 103 503 1003
2313 9 103 503 1003
2314 9 103 503 1003
2315 9 103 503 1003
2316 9 103 503 1003
2317 9 103 503 1003
2318 9 103 503 1003
2319 9 103 503 1003
2320 9 103 503 1003
2321 9 103 503 1003
2322 9 103 503 1003
2323 9 103 503 1003
2324 9 103 503 1003
2325 9 103 503 1003
2326 9 103 503 1003
2327 9 103 503 1003
2328 9 103 503 1003
2329 9 103 503 1003
2330 9 103 503 1003
2331 9 103 503 1003
2332 9 103 503 1003
2333 9 103 503 1003
2334 9 103 503 1003
2335 9 103 503 1003
2336 9 103 503 1003
2337 9 103 503 1003
2338 9 103 503 1003
2339 9 103 503 1003
2340 9 103 503 1003
2341 9 103 503 1003
2342 9 103 503 1003
2343 9 103 503 1003
2344 9 103 503 1003
2345 9 103 503 1003
2346 9 103 503 1003
2347 9 103 503 1003
2348 9 103 503 1003
2349 9 103 503 1003
2350 9 103 503 1003
2351 9 103 503 1003
2352 9 103 503 1003
2353 9 103 503 1003
2354 9 103 503 1003
2355 9 103 503 1003
2356 9 103 503 1003
2357 9 103 503 1003
2358 9 103 503 1003
2359 9 103 503 1003
2360 9 103 503 1003
2361 9 103 503 1003
2362 9 103 503 1003
2363 9 103 503 1003
2364 9 101 501 1000
2365 9 103 503 1003
2366 9 103 503 1003
2367 9 103 503 1003
2368 9 103 503 1003
2369 9 103 503 1003
2370 9 103 503 1003
2371 9 103 503 1003
2372 9 103 503 1003
2373 9 103 503 1003
2374 9 103 503 1003
2375 9 103 503 1003
2376 9 103 503 1003
2377 9 103 503 1003
2378 9 103 503 1003
2379 9 103 503 1003
2380 9 103 503 1003
2381 9 102 500 1002
2382 9 103 503 1003
2383 9 103 503 1003
2384 9 103 503 1003
2385 9 103 503 1003
2386 9 103 503 1003
2387 9 103 503 1003
2388 9 103 503 1003
2389 9 103 503 1003
2390 9 103 503 1003
2391 9 103 503 1003
2392 9 103 503 1003
2393 9 103 503 1003
2394 9 103 503 1003
2395 9 103 503 1003
2396 9 103 503 1003
2397 9 103 503 1003
2398 9 103 503 1003
2399 9 103 503 1003
2400 9 103 503 1003
2401 9 103 503 1003
2402 9 103 503 1003
2403 9 103 503 1003
2404 9 103 503 1003
2405 9 103 503 1003
2406 9 103 503 1003
2407 9 103 503 1003
2408 9 103 503 1003
2409 9 103 503 1003
2410 9 103 503 1003
2411 9 103 503 1003
2412 9 103 503 1003
2413 9 103 503 1003
2414 9 103 503 1003
2415 9 103 503 1003
2416 9 103 503 1003
2417 9 103 503 1003
2418 9 103 503 1003
2419 9 103 503 1003
2420 9 103 503 1003
2421 9 103 503 1003
2422 9 103 503 1003
2423 9 103 503 1003
2424 9 103 503 1003
2425 9 103 503 1003
2426 9 103 503 1003
2427 9 103 503 1003
2428 9 103 503 1003
2429 9 103 503 1003
2430 9 103 503 1003
2431 9 103 503 1003
2432 9 103 503 1003
2433 9 103 503 1003
2434 9 103 503 1003
2435 9 103 503 1003
2436 9 103 503 1003
2437 9 103 503 1003
2438 9 103 503 1003
2439 9 103 503 1003
2440 9 103 503 1003
2441 9 103 503 1003
2442 9 103 503 1003
2443 9 103 503 1003
2444 9 103 503 1003
2445 9 103 503 1003
2446 9 103 503 1003
2447 9 103 503 1003
2448 9 103 503 1003
2449 9 103 503 1003
2450 9 103 503 1003
2451 9 103 503 1003
2452 9 103 503 1003
2453 9 103 503 1003
2454 9 103 503 1003
2455 9 103 503 1003
2456 9 103 503 1003
2457 9 103 503 1003
2458 9 102 500 1002
2459 9 103 503 1003
2460 9 103 503 1003
2461 9 103 503 1003
2462 9 103 503 1003
2463 9 103 503 1003
2464 9 103 503 1003
2465 9 103 503 1003
2466 9 103 503 1003
2467 9 103 503 1003
2468 9 103 503 1003
2469 9 103 503 1003
2470 9 103 503 1003
2471 9 103 503 1003
2472 9 103 503 1003
2473 9 103 503 1003
2474 9 103 503 1003
2475 9 103 503 1003
2476 9 103 503 1003
2477 9 103 503 1003
2478 9 103 503 1003
2479 9 103 503 1003
2480 9 103 503 1003
2481 9 103 503 1003
2482 9 103 503 1003
2483 9 103 503 1003
2484 9 103 503 1003
2485 9 103 503 1003
2486 9 102 500 1002
2487 9 103 503 1003
2488 9 103 503 1003
2489 9 103 503 1003
2490 9 103 503 1003
2491 9 103 503 1003
2492 9 103 503 1003
2493 9 103 503 1003
2494 9 103 503 1003
2495 9 103 503 1003
2496 9 103 503 1003
2497 9 103 503 1003
2498 9 103 503 1003
2499 9 103 503 1003
2500 9 103 503 1003